0	1.0
1	0.9516373340676673
2	0.8894090258387766
3	0.816935358675833
4	0.8005257265357627
5	0.7787519403534049
6	0.7238641014659927
7	0.6979246901770226
8	0.6783266590809008
9	0.6667617900264247
10	0.6312601704055611
11	0.6207171051083525
12	0.6174953974961419
13	0.6078984296457689
14	0.6016111541930725
15	0.5745543714987942
16	0.5419019961403518
17	0.5391157140836087
18	0.525709953625623
19	0.5204689893862972
20	0.4905761217705362
21	0.4748134051681046
22	0.4711930184059904
23	0.45462991599522634
24	0.4319661954835285
25	0.4266903661665751
26	0.41988515872839716
27	0.4159843561425119
28	0.40661605120479716
29	0.4043062517934263
30	0.4096279850679482
31	0.41853741136916667
32	0.3906496488998524
33	0.36979499285328943
34	0.3663537129505294
35	0.3653766768279149
36	0.3637764076183203
37	0.3523505475734077
38	0.3483037896951991
39	0.34582163215010353
40	0.34317030947727156
41	0.34127722287652534
42	0.34209844248577287
43	0.33450677876197893
44	0.33731496210094947
45	0.3269667023097263
46	0.32181479799767293
47	0.32000506889448294
48	0.31798552226858756
49	0.31827976374404326
50	0.30966792524249426
51	0.3089705916193188
52	0.3241282482017202
53	0.3062527591155676
54	0.2953714331429454
55	0.29281177221333554
56	0.2916156074943424
57	0.29042470273531484
58	0.2888888040589706
59	0.2938355544435176
60	0.28942360351122165
61	0.284931249820395
62	0.2783830337109965
63	0.2758881402951884
64	0.27687240809275565
65	0.2724990436079204
66	0.2892487748213202
67	0.2734468408467736
68	0.26655343666861364
69	0.27152643632287243
70	0.2706918698425266
71	0.27213215901762916
72	0.2913234822117341
73	0.2721566312408778
74	0.26324664244078183
75	0.25718269164123003
76	0.2543955224942229
77	0.2508008621748424
78	0.251097178601614
79	0.2504709869181817
80	0.24890789290847828
81	0.24915580866685427
82	0.24807776822640332
83	0.2484305166599882
84	0.2458985478162067
85	0.24594400665576696
86	0.24309352808332937
87	0.24419545168156281
88	0.24306586084096954
89	0.24161146425594557
90	0.23956440574044557
91	0.24148700812391177
92	0.24271273144656483
93	0.24205837240668276
94	0.2391287975923734
95	0.23613706846274155
96	0.23597653006908362
97	0.2354319544842032
98	0.23580407560016575
99	0.23401982672468408
100	0.23457574164612147
101	0.23732219072354288
102	0.24191717755915151
103	0.2521113227102023
104	0.2518981878430954
105	0.23944296390823566
106	0.2455137507840067
107	0.22502793086907588
108	0.22458462446952424
109	0.22420841599124888
110	0.2243064593035868
111	0.2232534011782187
112	0.22118829886143127
113	0.2216289844646244
114	0.2205865451410006
115	0.2216616861071399
116	0.22181488609103586
117	0.22192570060657257
118	0.22007857027364447
119	0.22017971641212103
120	0.2228981901993884
121	0.22061855613042497
122	0.22117608174577755
123	0.22750792355713104
124	0.21757547985972722
125	0.21537779756369035
126	0.21807725679115714
127	0.2198633965452155
128	0.22257616233845545
129	0.22824267295414238
130	0.2141769704546204
131	0.21062846888365536
132	0.21042770294804444
133	0.2116351220060001
134	0.21391128385691763
135	0.21182767698852475
136	0.20808317260815218
137	0.20958879051672374
138	0.20941266842949005
139	0.21113836352641224
140	0.20555952139653905
141	0.20551916214056543
142	0.20850786369458998
143	0.201014624797736
144	0.20050018389606594
145	0.19881264769818807
146	0.19954258427382604
147	0.20289595097190974
148	0.19862546382234933
149	0.2021136117197394
150	0.21292405282224036
151	0.2210761632725404
152	0.205752859603224
153	0.19332727673634043
154	0.19429550851638955
155	0.19715652779925427
156	0.1973232888108264
157	0.1901901033462928
158	0.1907628014976975
159	0.19073276560270333
160	0.1899529637120322
161	0.19014135922053402
162	0.19366891887792811
163	0.18957439809419005
164	0.19516935770483304
165	0.18898884523151452
166	0.1860251612222497
167	0.18578451852348396
168	0.18572850074557143
169	0.18641567070878384
170	0.18383424854077365
171	0.18360186978711807
172	0.19013669514254172
173	0.1827456752814378
174	0.17991857083611562
175	0.18006907099748018
176	0.18038642542343264
177	0.17912240813369465
178	0.17988937109772707
179	0.17980705140091585
180	0.1787230319594038
181	0.17747796778053737
182	0.17572533346958494
183	0.1764759382905
184	0.17984179480126758
185	0.17335295923939278
186	0.17926193288857706
187	0.17314487257348776
188	0.1713935431260851
189	0.1731375460111695
190	0.1733236391963493
191	0.17456757597362907
192	0.18426825505356265
193	0.17444750968343947
194	0.17071390073678733
195	0.16853023617744434
196	0.16770548594534426
197	0.16817651392424166
198	0.16979890327166414
199	0.16820366452973598
200	0.1656894836195655
201	0.16565911631342822
202	0.16519400158709685
203	0.16547661415813872
204	0.1646860322600323
205	0.1643091975641249
206	0.16335416541075898
207	0.1691191769372769
208	0.16627264614860374
209	0.16381805111816997
210	0.16146603286712802
211	0.16434149279868776
212	0.16476326286645854
213	0.1633944590680588
214	0.16077170282304948
215	0.15940351046385434
216	0.1590485269798333
217	0.15900291539313352
218	0.1593134746261981
219	0.15799231277183706
220	0.15820531957643627
221	0.16040351956978371
222	0.1643245751417105
223	0.17593257541644755
224	0.17296877952662895
225	0.16184745010914378
226	0.16678309965041282
227	0.15347922244854914
228	0.15304501714744087
229	0.1529567175129035
230	0.15343214613665745
231	0.15311053890112275
232	0.15113402809746831
233	0.15142681671328342
234	0.15064924632892376
235	0.15160162973868865
236	0.15134367312295155
237	0.15118722119570063
238	0.14995859846043497
239	0.14993001360441124
240	0.151911119390063
241	0.15004298804953684
242	0.15026492002753494
243	0.15653110823801483
244	0.14852007417788812
245	0.14716506727770776
246	0.14953375321889772
247	0.1507040347293225
248	0.1526556045511266
249	0.1576519237624069
250	0.14637187964875126
251	0.1443567737134415
252	0.14539179471796834
253	0.1469245950952344
254	0.14929773167648377
255	0.1471196947027922
256	0.1431046581181588
257	0.14487633323117116
258	0.14476905098282233
259	0.1465044506202173
260	0.14126786591636348
261	0.14275351698670052
262	0.14648288800214332
263	0.13837368795054175
264	0.1420938727139503
265	0.1383886861674038
266	0.1392224850441295
267	0.14379615772212348
268	0.13788962874070299
269	0.14212756704300536
270	0.1574215288075762
271	0.16458846317065653
272	0.14436909099237136
273	0.13328206896013867
274	0.13390359115645944
275	0.13638502468141442
276	0.13598738451792095
277	0.13124009835084566
278	0.1313011322106608
279	0.1311832587986435
280	0.1307322969799761
281	0.1307044692248509
282	0.13366249460157198
283	0.13020743787997371
284	0.13574683526748973
285	0.1298952047761984
286	0.12825950206038586
287	0.1283364903486349
288	0.12803982458789714
289	0.13022099914056054
290	0.12682602442303698
291	0.1270989787439899
292	0.1349288338758279
293	0.1273217164429904
294	0.12509914552859602
295	0.125352385934373
296	0.12559427820247593
297	0.12412359665495813
298	0.12502539532860926
299	0.1267888168645862
300	0.1254027793206861
301	0.12396097153699716
302	0.12253702748390927
303	0.12392890548876792
304	0.1281270421853336
305	0.12201004097837315
306	0.1302526608046822
307	0.12366272757331663
308	0.12168685277423384
309	0.12358997565562789
310	0.12334541753904137
311	0.12427085230491491
312	0.13510021894613441
313	0.12513794813312343
314	0.12135695809395745
315	0.11950905906103142
316	0.11877445329005788
317	0.12091610362012167
318	0.12278069541328582
319	0.11992034047778204
320	0.11713636599729331
321	0.11710988749459857
322	0.11646381783646358
323	0.1168398692511663
324	0.11638979866231705
325	0.11646350990063901
326	0.1156092735971823
327	0.12354050587887969
328	0.11913167603233571
329	0.1161132572171894
330	0.11400726788832166
331	0.11680038157578412
332	0.11693964581506976
333	0.11537338908316623
334	0.11311797769223651
335	0.11336217685940905
336	0.11238300268274415
337	0.11285489476577773
338	0.11267277275131388
339	0.11164499516369138
340	0.11177973093707039
341	0.11412872873564947
342	0.11835749017256529
343	0.13128131317715963
344	0.1259902976107765
345	0.11419266049464452
346	0.11886325293959818
347	0.10948554999152224
348	0.10956595521994211
349	0.11000675547442818
350	0.11105830367572421
351	0.10929184717374207
352	0.10827422172092321
353	0.10811986341782963
354	0.10787598867151146
355	0.10845971021559488
356	0.10815471839179985
357	0.10803073230252552
358	0.10715005255532205
359	0.10714047263305733
360	0.10928835909782263
361	0.10735551251742649
362	0.10767109736438431
363	0.11489555979844385
364	0.10631352197800807
365	0.10568484865533152
366	0.10772772166552434
367	0.10891568421028591
368	0.1109164506874611
369	0.11616640099588946
370	0.10493541225076139
371	0.10476565405420007
372	0.10801158226305851
373	0.10995181239668285
374	0.112729750870153
375	0.10887746280408854
376	0.10391771957196243
377	0.10649272759340735
378	0.10597708275037991
379	0.1078715736632102
380	0.10279784330597147
381	0.10642266247960655
382	0.1111361284567164
383	0.10325812322273432
384	0.10755716282482823
385	0.10349603993109492
386	0.10383733205998426
387	0.10846962993959051
388	0.10239623084662305
389	0.10644082198705053
390	0.1227755639894965
391	0.1281136901551235
392	0.10664591690501186
393	0.10163222555149509
394	0.10061109530053142
395	0.10184478718089435
396	0.10137301487423578
397	0.10142599174025246
398	0.09948607148727721
399	0.09893345173062588
400	0.09865309942160944
401	0.09818240806427106
402	0.10131265024320857
403	0.09793032155602176
404	0.10395360382119613
405	0.09808182229826343
406	0.09819367039957741
407	0.09819288235671583
408	0.09717797931697672
409	0.10219122504800596
410	0.09713227085851601
411	0.09814462032874315
412	0.1162534095383163
413	0.10305504493505437
414	0.09906711922008314
415	0.09845377406283662
416	0.09816476206155288
417	0.09643189681232926
418	0.09723843591537741
419	0.10820997758887524
420	0.10268986408631212
421	0.09878566546069666
422	0.0964678129990941
423	0.09829824100270994
424	0.10347625887885144
425	0.10023673624970443
426	0.12106333647003019
427	0.10604399432480528
428	0.10018998035070124
429	0.10321124745811384
430	0.1009731830463872
431	0.10092708160832084
432	0.11888789330107034
433	0.10322119480380952
434	0.09736132191141951
435	0.09517432817873422
436	0.09427484969141818
437	0.09853916659486282
438	0.10074641431912454
439	0.09606072245215026
440	0.09238547891942973
441	0.09246210588437802
442	0.09164264194531925
443	0.09217504102752824
444	0.09226334493941686
445	0.09255587549558446
446	0.09158708755690081
447	0.10194891750391076
448	0.09591855509858244
449	0.0923652505452992
450	0.09035559691133493
451	0.09358422613068045
452	0.0939642671284335
453	0.09230224563868095
454	0.08996145352122582
455	0.09123184219409688
456	0.08962985493191139
457	0.09044940639425167
458	0.09033679841269511
459	0.08917744586083642
460	0.08958689218147776
461	0.0929763174181837
462	0.09851529168186736
463	0.11406451419442759
464	0.1064918641571221
465	0.09214797779609658
466	0.09765141515192355
467	0.08958689292527167
468	0.08964090284115488
469	0.09019040729901365
470	0.09149116795810719
471	0.0884527931427512
472	0.08791442878445672
473	0.0874703962783501
474	0.08744798910868681
475	0.08821153143469766
476	0.08797105018341284
477	0.0879842785115041
478	0.0869815748334744
479	0.08712469374765569
480	0.0902598771313722
481	0.08771579406182507
482	0.08833572070741995
483	0.09758032531806657
484	0.08652575612427378
485	0.08633910499362053
486	0.08840445736719539
487	0.08998654824080786
488	0.09252682515885713
489	0.09884051994680515
490	0.08558510196521374
491	0.08692151013576874
492	0.09235172190901457
493	0.09423565643731886
494	0.09715572874034271
495	0.09100230875790027
496	0.08519322912153106
497	0.08835372623577081
498	0.08745121863018601
499	0.08959610228293759
500	0.08463063082780624
501	0.09104517214775061
502	0.09690909704324374
503	0.08750099774954602
504	0.09136179464525822
505	0.08692099673778966
506	0.08681433024484835
507	0.09195547184707016
508	0.08515243177801807
509	0.0894748075116017
510	0.10786492823666814
511	0.11240842708235284
512	0.08815963053417378
513	0.08785159605446098
514	0.08453745500254815
515	0.08493737642011942
516	0.0845341034156084
517	0.08755640309235042
518	0.08357798533440018
519	0.08273686953668032
520	0.08254601071083383
521	0.08201169772674621
522	0.0862320828038648
523	0.08189856983342092
524	0.08921318164956037
525	0.08210905945950564
526	0.08329962943677921
527	0.08313396260419469
528	0.0816367318316835
529	0.08875637833721338
530	0.08184212232979951
531	0.08328437269266355
532	0.11065622328326079
533	0.09026848742699621
534	0.08489868789923974
535	0.0840946057166331
536	0.08375982111952385
537	0.08143589460115809
538	0.08269163920716946
539	0.1004423330820531
540	0.09008689327565084
541	0.08429547536252717
542	0.08185745230648976
543	0.08482352484476444
544	0.09138684669681171
545	0.08808250355415842
546	0.1187280754740708
547	0.09441472497150102
548	0.08604979333847351
549	0.08983204773010037
550	0.0866288381229905
551	0.08641203176114619
552	0.10950950205329102
553	0.08875920986086136
554	0.08237119004149597
555	0.08089335066178618
556	0.08046705311816095
557	0.08684051518665767
558	0.08941745796507415
559	0.08312853924703643
560	0.07857413745389273
561	0.07900904277420477
562	0.07818557495999426
563	0.07895080029504174
564	0.07939375593176418
565	0.0796159091619983
566	0.07844640025434833
567	0.09107835862993217
568	0.08328825640051638
569	0.07928941629121729
570	0.07743305191728503
571	0.08103705139915086
572	0.08171017556030422
573	0.0799512982926547
574	0.07750974158503747
575	0.07971882787223447
576	0.0773491092989867
577	0.07845279474487007
578	0.0783928388938033
579	0.07693825499990355
580	0.07762126355323412
581	0.08204113900650695
582	0.08874989787766244
583	0.10665963735193412
584	0.09651327295097373
585	0.07990487216884644
586	0.0861071753050511
587	0.08002083268556416
588	0.07940722194971424
589	0.07970063101255938
590	0.08099040703364399
591	0.0769421456946803
592	0.07649897645599076
593	0.07590498013834206
594	0.07595045931407816
595	0.07707052280335323
596	0.07681031731035551
597	0.07689767425365035
598	0.07570721490622652
599	0.0759623475055144
600	0.08002413163469574
601	0.07675965841976179
602	0.07760911941418387
603	0.08872132759191162
604	0.07526709369624893
605	0.0755727952460726
606	0.07747850457367116
607	0.07935849441889267
608	0.0823091746097532
609	0.08949160907536728
610	0.07461524767008897
611	0.07751609732666255
612	0.08486619819449068
613	0.08609884970998087
614	0.08872369508394155
615	0.08040052311512852
616	0.07434785562569353
617	0.07770117067585716
618	0.07654922702431224
619	0.07890989356361766
620	0.07438227451316849
621	0.08374428437004293
622	0.09005458071392106
623	0.07917435819387943
624	0.08204040959110277
625	0.07721315293283794
626	0.07669458288092333
627	0.08233485130182129
628	0.07483352798575384
629	0.0794170878423103
630	0.09962642468099464
631	0.10317351298914999
632	0.07677263789853883
633	0.08097197158128366
634	0.07501884680680636
635	0.07478621321087545
636	0.07449705328945462
637	0.07981805131048021
638	0.07394269997927057
639	0.07295825602806644
640	0.07286733136884829
641	0.07240008953577756
642	0.07782645046011434
643	0.07233562259271722
644	0.08088251970334014
645	0.07248059736939302
646	0.07467734582649814
647	0.07423584673626603
648	0.07230939567576014
649	0.08118551430275595
650	0.07260661976678656
651	0.07430452233964491
652	0.10967010683548484
653	0.08222865724489938
654	0.07635181687242755
655	0.07555322527088258
656	0.07516065936775515
657	0.0722225699620379
658	0.07392376387927606
659	0.09786157195351984
660	0.08229300801064793
661	0.07510173434319481
662	0.07299462749580707
663	0.07710249333805759
664	0.08466644172101613
665	0.08126771749484037
666	0.11955332473087345
667	0.08655307192379487
668	0.07677279180555105
669	0.08110604923967706
670	0.07737831552606929
671	0.07720217416423025
672	0.1042788750606636
673	0.07932474980030148
674	0.0730566522321158
675	0.07240727313509446
676	0.07231027938724716
677	0.08032003158978501
678	0.08287069729139816
679	0.07524706632865227
680	0.07033574803572323
681	0.07106176178604982
682	0.0700860061915534
683	0.07102607986645988
684	0.07171297339511229
685	0.07188008809937685
686	0.07044117351964563
687	0.08517232837403599
688	0.07548528884627052
689	0.07113272886886154
690	0.06953586576110565
691	0.07331633641556491
692	0.07415057995504165
693	0.07226575679477053
694	0.06980655473662534
695	0.07302489574776008
696	0.06972814886367301
697	0.07103967266625297
698	0.07110890619216785
699	0.06927326055323924
700	0.07015961776598749
701	0.07545801875063193
702	0.08298714969694942
703	0.10255577974766793
704	0.08997785678405612
705	0.07196730312437348
706	0.07858669368542652
707	0.07552146416251868
708	0.07358339235900282
709	0.07332752461746006
710	0.07441777011965842
711	0.06993626381533244
712	0.06927522812991134
713	0.06864116225477251
714	0.06865624399611106
715	0.07019005785452544
716	0.06980917069647477
717	0.06990921328082218
718	0.06857178924102389
719	0.06888479526863651
720	0.07371784685652594
721	0.06977333108643777
722	0.07078044268133396
723	0.08343829017808814
724	0.06807512980720185
725	0.06888530584650493
726	0.07052696616786172
727	0.07258103329282274
728	0.07578068036484673
729	0.08354629257855813
730	0.06775994480921448
731	0.0721072022121822
732	0.08087548224730638
733	0.0810334647287764
734	0.08311842281989323
735	0.07312215351743698
736	0.06747932737411122
737	0.07066606337904477
738	0.06938472323562364
739	0.07190758053012254
740	0.0680752067138979
741	0.08002944670482237
742	0.08599439368265786
743	0.07457755587472402
744	0.07601632132845396
745	0.07092653934065073
746	0.07002788335574804
747	0.07603511580873351
748	0.06805312638554392
749	0.07279913118475548
750	0.09431062123289424
751	0.09673176448369096
752	0.06916856200653729
753	0.07747068678262048
754	0.0688387300817769
755	0.06817867684908771
756	0.06799072038279803
757	0.07511762799346004
758	0.06758154858200051
759	0.06654178257023924
760	0.06653119655918893
761	0.0661672701892232
762	0.07271310798126115
763	0.06609968169578606
764	0.07565860600634561
765	0.0661627636562892
766	0.0692843054379897
767	0.06847077932942736
768	0.0661762313222654
769	0.07645447182072439
770	0.06657965046067758
771	0.06837822034484571
772	0.11027625089355718
773	0.07663353433623082
774	0.07094234895192587
775	0.07007392871390462
776	0.06952236700250915
777	0.06610825302719414
778	0.06813424954018224
779	0.09766513590019442
780	0.07694594101732602
781	0.06881621820683798
782	0.0672697699020242
783	0.07229175349688574
784	0.08038498920237033
785	0.07731668392823446
786	0.12104403006231695
787	0.08073977322726147
788	0.07037601711552816
789	0.07506301718465624
790	0.07105034310746354
791	0.07097046935009702
792	0.10105448582773921
793	0.07279643924051757
794	0.06695180643173386
795	0.06700033127769321
796	0.067043297366148
797	0.07617426101822096
798	0.07848221564221207
799	0.06993566753378543
800	0.06508020287612666
801	0.0659822413614109
802	0.06477015424158103
803	0.06581951705374738
804	0.06673918924399067
805	0.0668324229227591
806	0.06515596091964926
807	0.08166381678133494
808	0.07018390900720697
809	0.06560890655499628
810	0.06432547518418952
811	0.0681559238971771
812	0.06905732135741215
813	0.06705929270177591
814	0.06464979921255275
815	0.06880341195252836
816	0.06457885566402227
817	0.06602779667321793
818	0.06634035010570337
819	0.06408173019255227
820	0.0651247726985714
821	0.07111415719034107
822	0.07911923121281211
823	0.09961296950579362
824	0.0851444994545738
825	0.06649909629924106
826	0.07331327136115942
827	0.07356988471691493
828	0.06989045621860994
829	0.06897135049479547
830	0.06980213326499632
831	0.06545941076985552
832	0.06433577633243844
833	0.0637522831563696
834	0.0636831717049468
835	0.06561047165310213
836	0.06505971023714341
837	0.0651481836525917
838	0.06373081887516435
839	0.06406381460242293
840	0.06949877220510782
841	0.06498166195629347
842	0.06609624361326107
843	0.07992882004481218
844	0.06318768388599447
845	0.06443381670801332
846	0.06580901701628503
847	0.06793291597904857
848	0.0712505993200681
849	0.07934608381142721
850	0.06324009812702597
851	0.06875117717094682
852	0.0783902931496257
853	0.07733420007539507
854	0.07884733607712223
855	0.06775451311348875
856	0.06295281427343792
857	0.06572240260372397
858	0.06438520411202713
859	0.06701549377004676
860	0.06396256545338604
861	0.07784241951905077
862	0.08294950662741359
863	0.0719964630140516
864	0.07181515764150455
865	0.066576802746177
866	0.06534906480636067
867	0.07156992847186182
868	0.06333202892161134
869	0.068146418356507
870	0.09039082873541461
871	0.09174519626065814
872	0.06387077270396217
873	0.07557838833244383
874	0.06452297415344257
875	0.06363737643928873
876	0.06351666812633641
877	0.07200878157498262
878	0.06311628897106142
879	0.06207623182883172
880	0.062120398711143034
881	0.06186169597255287
882	0.06932917189103718
883	0.06176725802370562
884	0.07206434232257927
885	0.06176507496377706
886	0.06566510230154556
887	0.06444241674336681
888	0.06187024244862407
889	0.07318727048690295
890	0.06243129730392565
891	0.06420480268601984
892	0.11110979238660723
893	0.07247842117695662
894	0.06735335584200436
895	0.06626332428841007
896	0.06550261154276552
897	0.061811028363914784
898	0.06403950985931457
899	0.09830507599336254
900	0.07294730790010913
901	0.06428452272109265
902	0.0633626101306346
903	0.06899459764898497
904	0.07723619279702593
905	0.07489296269514795
906	0.12208858285777084
907	0.0761970379924393
908	0.06579683664387409
909	0.07066471073652061
910	0.06650518411114312
911	0.06651837465019453
912	0.09875184936851474
913	0.06806880726720461
914	0.06275300829335671
915	0.06329693748986925
916	0.06335150677430781
917	0.0731472250617507
918	0.07516235828260348
919	0.06610366088056555
920	0.0615239789221499
921	0.06248988896612735
922	0.0610282513804167
923	0.06212770385042605
924	0.06330006140010488
925	0.06328275290312274
926	0.06144287154051519
927	0.07926261667107871
928	0.06631851931328521
929	0.06164411542578127
930	0.060666685540998994
931	0.06448020753466496
932	0.06538622909555945
933	0.06330573240425517
934	0.06098125181998986
935	0.06590212295231498
936	0.06086001568904979
937	0.062386186049358874
938	0.06302771104114664
939	0.06034871197069799
940	0.06150987781262535
941	0.06798593538824943
942	0.07617688479818276
943	0.0969626954026679
944	0.08131815252729306
945	0.0625709706537082
946	0.06942510832148704
947	0.07276315637577502
948	0.06722484985242143
949	0.06567741205841522
950	0.06627025761409434
951	0.06247924825624904
952	0.06075220519125056
953	0.060261928387040475
954	0.06008941867480908
955	0.06233686151563674
956	0.061612907555027956
957	0.061686971031913784
958	0.06024621790856236
959	0.0605746739708018
960	0.06644875751011763
961	0.06149187470850723
962	0.06267672525870491
963	0.07730960969259675
964	0.05968006534074298
965	0.06125370882698884
966	0.0624197038569591
967	0.06452996321589502
968	0.06786837909034389
969	0.07608286772794418
970	0.060087676815279954
971	0.06643227910862787
972	0.07649093934733346
973	0.0742956051116716
974	0.07531512193472688
975	0.0636195992035964
976	0.059842118218417874
977	0.06207251302074822
978	0.060715916671515054
979	0.06340182172550364
980	0.06109476566332593
981	0.0761490307877271
982	0.08024213410087519
983	0.0704416061479308
984	0.06869140569603399
985	0.06338195424766066
986	0.061886511546072616
987	0.0681691568538398
988	0.05987112024813966
989	0.06467297851591276
990	0.08709333200123091
991	0.08760711097867559
992	0.060036207736032264
993	0.07433034823170348
994	0.06129771576985797
995	0.06034613758063252
996	0.0602551539232295
997	0.06972552882041393
998	0.059804621123076586
999	0.05879313707908051
1000	0.05886839309746631
