1.0
0.9166928025688245
0.8539079997450095
0.8047021635988194
0.7650617439179453
0.732472810887625
0.7052827743159246
0.6823287714323998
0.6627656191073417
0.6459580302249895
0.6314150681816123
0.6187487516321609
0.6076470257345913
0.5978555495747168
0.5891650301045969
0.5814021213138718
0.5744226640722596
0.5681064999819836
0.5623533751417416
0.5570796257630254
0.5522154473308404
0.5477026170237086
0.5434925808840749
0.5395448426949295
0.535825607061056
0.5323066388715234
0.5289643076492496
0.525778789773281
0.5227334050432051
0.5198140669946072
0.5170088289886677
0.5143075104783112
0.5117013900262181
0.50918295361909
0.5067456885847657
0.504383914973816
0.5020926476211028
0.49986748326632496
0.49770450810154043
0.495600221946177
0.4935514759444567
0.49155542125574
0.489609466672649
0.48771124355521617
0.4858585765942021
0.48404945948544287
0.48228203450637236
0.48055457532317575
0.4788654724444562
0.47721322085133827
0.4755964094234365
0.47401371185163993
0.4724638787863284
0.470945731016125
0.46945815350987113
0.46800009018474203
0.4665705392880662
0.4651685493001239
0.4637932152814368
0.4624436756011124
0.4611191089934315
0.45981873189866
0.4585417960511203
0.45728758628343724
0.45605541852070003
0.45484463794219093
0.4536546172917283
0.45248475532025056
0.4513344753467178
0.450203223925147
0.44909046960731813
0.4479957017919749
0.4469184296524689
0.44585818113585307
0.4448145020271351
0.4437869550731772
0.44277511916136414
0.4417785885486069
0.44079697213676766
0.43982989279095297
0.43887698669748415
0.4379379027586664
0.437012302021715
0.4360998571394515
0.4352002518606138
0.4343131805477513
0.43343834772090295
0.4325754676253974
0.4317242638221751
0.43088446879927866
0.43005582360314115
0.4292380774885057
0.4284309875858002
0.4276343185849781
0.42684784243479934
0.426071338056709
0.42530459107241925
0.4245473935444596
0.42379954372892975
0.4230608458397908
0.4223311098240727
