1.0
0.7375551933889978
0.5597807998578023
0.4370524527979394
0.34996193617429716
0.2861561514896612
0.23783105011456016
0.2000439512129616
0.1696434016909147
0.14460161087595874
0.12359712275882506
0.10575213938561999
0.09046660032937613
0.07731381522357213
0.06597541598995069
0.05620151959100268
0.047786856543434196
0.04055672211151639
0.03435893767059203
0.02905912788184318
0.024538576392078786
0.020691652460699973
0.01742516406094453
0.014657131411692744
0.012315796783262141
0.010338663794378339
0.008671561681888883
0.007267743392104894
0.006087030018440418
0.005095012479156139
0.004262317468015006
0.0035639417647461875
0.002978655377487668
0.0024884718485450046
0.0020781821868122202
0.0017349477940613565
0.0014479480211214174
0.0012080717947525455
0.001007660853346729
0.0008402821638859093
0.0007005359648833408
0.0005838954906254803
0.00048656713762407184
0.000405374263474271
0.00033765787561244854
0.0002811938517988591
0.0002341224176128586
0.00019488913414105778
0.00016219524857280805
0.00013495598766852243
0.00011226558313101041
9.336793161083867e-05
7.763197197936122e-05
6.453123760023037e-05
5.362652839256818e-05
4.4551543196913544e-05
3.7000831338701884e-05
3.071972995152848e-05
2.549594850321908e-05
2.1152565709808984e-05
1.7542129826144104e-05
1.4541784684220523e-05
1.2049181241993565e-05
9.979062743376055e-06
8.260420836401863e-06
6.834122758277152e-06
5.650932120759854e-06
4.6698585330638555e-06
3.856781617546243e-06
3.1833040101440778e-06
2.625795207115485e-06
2.1645944735593257e-06
1.7833470806431263e-06
1.4684511394360505e-06
1.2085963163538496e-06
9.943797610240893e-07
8.179866100435604e-07
6.729232785663279e-07
5.537952886162977e-07
4.561233769998744e-07
3.761886604294076e-07
3.1090501608367764e-07
2.5771231328626116e-07
2.1448783807627034e-07
1.7947233413082522e-07
1.5120854933379058e-07
1.2849010161544115e-07
1.1031893961956982e-07
9.586992119616991e-08
8.446153272401154e-08
7.553123376688436e-08
6.861521723507559e-08
6.33314990942169e-08
5.936587166687744e-08
5.646023689180971e-08
5.4402918416030854e-08
5.302061926502419e-08
5.2171747818090375e-08
5.174088139816629e-08
5.1634175498452834e-08
5.177555892775675e-08
