1.0
1.2404237213320322
0.06873709170907763
0.022931278181181975
0.010843869075334333
0.006717207425759009
0.005008893691953258
0.004131748542613027
0.0035733873166981386
0.0031558089499911517
0.0028129489342268027
0.002518118093809111
0.0022590982359860703
0.0020292743475007115
0.0018243764552614591
0.0016412360754593902
0.0014772914887270939
0.0013303743626568942
0.001198606694945441
0.0010803430200366174
0.0009741329469546809
0.0008786930699634133
0.0007928855655275189
0.0007156998601092238
0.0006462371766253627
0.0005836972203322465
0.0005273666318216632
0.0004766089264936248
0.00043085569963052344
0.0003895989191102125
0.000352384156876612
0.0003188046340340715
0.0002884959729085595
0.0002611315650520946
0.00023641847699085137
0.00021409382664678005
0.00019392157175218325
0.00017568966070778309
0.00015920750166161226
0.00014430371208079017
0.00013082411570004027
0.00011862995797688916
0.00010759631477953705
9.761067230141671e-05
8.85716584719086e-05
8.03879092789364e-05
7.29770545564427e-05
6.626481022862544e-05
6.018416526125553e-05
5.4674653004364115e-05
4.96816977906246e-05
4.515602869822187e-05
4.105315330204136e-05
3.733288504337522e-05
3.3958918557140075e-05
3.0898447922541534e-05
2.8121823354114702e-05
2.560224233480943e-05
2.331547166163787e-05
2.1239597144187922e-05
1.9354798221269418e-05
1.7643144895280484e-05
1.608841471815435e-05
1.467592781787687e-05
1.3392398136368844e-05
1.2225799251462086e-05
1.1165243322316825e-05
1.0200871848259336e-05
9.323757065235326e-06
8.525812924481639e-06
7.799714704977281e-06
7.138826407950106e-06
6.537135167036872e-06
5.98919198557522e-06
5.490058180805626e-06
5.035256977447601e-06
4.620729748214207e-06
4.242796448985741e-06
3.898119841137797e-06
3.5836731337598766e-06
3.29671071477663e-06
3.0347416724467357e-06
2.795505838142486e-06
2.5769521074289206e-06
2.3772188204907382e-06
2.1946160040063787e-06
2.027609296094134e-06
1.874805393019256e-06
1.7349388722228623e-06
1.60686026013422e-06
1.4895252260281115e-06
1.381984794631856e-06
1.283376480467766e-06
1.1929162563492782e-06
1.1098912767264644e-06
1.033653284318435e-06
9.636126352239256e-07
8.992328839682058e-07
8.400258754954875e-07
7.855472961757504e-07
7.353926405336335e-07
