1.0
0.8052494411230864
0.6542389968157024
0.5349131199482872
0.4392808090829705
0.3618703729934616
0.2988483693693542
0.24746548032673327
0.20567920012958824
0.171885157452078
0.14473112758252404
0.12300452058629871
0.10559277459341758
0.0914984435775138
0.07987931873786785
0.07007881217038495
0.06162610024540756
0.05420730479528429
0.04762284132072965
0.04174648577436551
0.03649444732935151
0.031805582084001804
0.02763024993506996
0.023924667207477313
0.020648314770254063
0.017762883153138197
0.015231929605926578
0.013020838991509857
0.01109689675669035
0.009429392330750101
0.00798969667492105
0.006751328273943326
0.005689989368933324
0.004783538843707637
0.0040119572551415355
0.0033572701875827123
0.002803450838367702
0.0023363028769276145
0.0019433299827726646
0.0016135973726163916
0.001337590067125178
0.0011070719395958155
0.0009149488154275215
0.0007551381203791101
0.000622446854798589
0.0005124590308217517
0.00042143316710650954
0.0003462099956699104
0.0002841301949199234
0.00023296171305219903
0.0001908360748856012
0.0001561929596713835
0.00012773228437715708
0.00010437301424465912
8.521793936184815e-05
6.952369350916496e-05
5.667534229703108e-05
4.616492584772706e-05
3.7573402596769223e-05
3.055550204540702e-05
2.482705327127533e-05
2.0154411271123152e-05
1.6345653941188157e-05
1.3243268298384854e-05
1.0718085337790457e-05
8.664258849223899e-06
6.9951148617678665e-06
5.639725516129188e-06
4.540084483671244e-06
3.6487809766852345e-06
2.927086329916918e-06
2.343381463832606e-06
1.871865616697503e-06
1.4914968742431973e-06
1.1851235159422504e-06
9.387722849523133e-07
7.410655916726168e-07
5.827445657242454e-07
4.562789392807305e-07
3.555481122594937e-07
2.7558053374804324e-07
2.1234083172522853e-07
1.6255601747058064e-07
1.2357365075720515e-07
9.324613514044336e-08
6.983636707714751e-08
5.1940828637502506e-08
3.8426924019223346e-08
2.8381942790607613e-08
2.107151018326358e-08
1.590577585275608e-08
1.241191258134193e-08
1.0211758371934327e-08
9.003649564425868e-09
8.547667724597445e-09
8.653666209400865e-09
9.171559206445333e-09
9.9834515436452e-09
1.0997265539255056e-08
1.214158477703559e-08
1.336148662815056e-08
