0	1.0
1	0.9342773763151695
2	0.7948059763339249
3	0.7425561248039279
4	0.6396773745914734
5	0.5977469233235225
6	0.5197568006938352
7	0.48583480057944267
8	0.4255234782005762
9	0.397889391838712
10	0.3505367484262617
11	0.32788969164527004
12	0.2902643745407809
13	0.2716071291300734
14	0.24142029693679423
15	0.22597920070617894
16	0.2015656755839868
17	0.18873421510479702
18	0.16885628052636875
19	0.15815463321705522
20	0.14187604591313172
21	0.1329215718222816
22	0.1195237733458331
23	0.11200916979739568
24	0.10093390625232801
25	0.09461081999671257
26	0.08541986140672371
27	0.0800864494472956
28	0.07243270919582816
29	0.06792409731501817
30	0.06153054575733586
31	0.05771144066061327
32	0.052355465624154406
33	0.04911438607579139
34	0.04461603356778135
35	0.04186077122578971
36	0.03807379727225238
37	0.035727820303469125
38	0.03253280991229982
39	0.030532395576733807
40	0.027831421886933168
41	0.026123357150101376
42	0.02383580166137679
43	0.022375529570678176
44	0.020434786840594882
45	0.019184904995764068
46	0.01753576740636863
47	0.01646480620237222
48	0.015061376030755316
49	0.014142800433093813
50	0.012946813870780869
51	0.01215820469919134
52	0.011137679903173707
53	0.01046005995119597
54	0.00958820155312426
55	0.009005479080787892
56	0.0082597868223855
57	0.007758294555021164
58	0.007119835234765989
59	0.0066879473712585435
60	0.006140758070341988
61	0.0057685712366045555
62	0.005299168536520822
63	0.004978235330833378
64	0.0045752104533867115
65	0.004298316381656758
66	0.0039520002444659984
67	0.0037129765592849523
68	0.0034151619219881806
69	0.0032087282535342766
70	0.002952438635344933
71	0.002774070407505206
72	0.0025533674407660213
73	0.002399183958367513
74	0.00220900641954729
75	0.002075676235904665
76	0.0019117052557320123
77	0.0017963660180144443
78	0.0016549119828314885
79	0.0015551024325149725
80	0.0014330099024516625
81	0.0013466121018016555
82	0.001241179728792474
83	0.0011663699055759166
84	0.0010752828671386934
85	0.0010104895366618832
86	0.0009317624346774239
87	0.0008756306766639716
88	0.0008075592043094151
89	0.0007589201538725849
90	0.0007000401228626073
91	0.0006578848853258618
92	0.0006069374430910259
93	0.0005703947676191647
94	0.0005262968292601191
95	0.0004946139806158712
96	0.0004564330614223944
97	0.0004289594163432157
98	0.000395892183725735
99	0.00037206515137784503
100	0.00034341912527772155
101	0.00032275205243908225
102	0.00029792997480174177
103	0.0002800017478464066
104	0.0002584882178779173
105	0.00024293431691997468
106	0.00022428435233104715
107	0.00021078914937904065
108	0.00019461838684147929
109	0.00018290851065030274
110	0.0001688848030721611
111	0.00015872341945200413
112	0.00014655962488263282
113	0.00013774150332265749
114	0.0001271892915504873
115	0.00011953654776151224
116	0.0001103810769570937
117	0.00010373949686544717
118	9.57948347761143e-05
119	9.003069905248033e-05
120	8.313588195383097e-05
121	7.813322170205794e-05
122	7.214886011436339e-05
123	6.780708419112267e-05
124	6.261243774666059e-05
125	5.8844280586101155e-05
126	5.433473577291494e-05
127	5.1064481775649707e-05
128	4.71493759076146e-05
129	4.431132259526009e-05
130	4.0912065532386305e-05
131	3.844919295215187e-05
132	3.5497645080307106e-05
133	3.3360463407552836e-05
134	3.079753424760721e-05
135	2.894308547915727e-05
136	2.6717522462851047e-05
137	2.5108515351026706e-05
138	2.3175856499004798e-05
139	2.1779916779809328e-05
140	2.0101584792253467e-05
141	1.8890605166543075e-05
142	1.7433123549681473e-05
143	1.6382700068591872e-05
144	1.5117014638336703e-05
145	1.42059578823187e-05
146	1.3106849298741845e-05
147	1.2316760361297214e-05
148	1.136233533391456e-05
149	1.0677237956886115e-05
150	9.848488466769611e-06
151	9.254509840465048e-06
152	8.53493118996815e-06
153	8.020024942000086e-06
154	7.39528470220634e-06
155	6.948990467628454e-06
156	6.40664147748934e-06
157	6.019876194297279e-06
158	5.549107697852309e-06
159	5.213984422033456e-06
160	4.805406233933077e-06
161	4.515076829526661e-06
162	4.1605321113392e-06
163	3.9090506570875235e-06
164	3.6014534842860494e-06
165	3.3836576592008397e-06
166	3.1168520736788866e-06
167	2.9282601471301173e-06
168	2.696897835439829e-06
169	2.5336192036021613e-06
170	2.3330533246879185e-06
171	2.191710806690924e-06
172	2.0179038262092314e-06
173	1.8955661706524945e-06
174	1.7450098396941283e-06
175	1.6391331017413785e-06
176	1.5087789801474422e-06
177	1.4171555906038996e-06
178	1.3043547147716652e-06
179	1.2250692443510297e-06
180	1.1275197267014235e-06
181	1.0589104549309548e-06
182	9.74611975248806e-07
183	9.152375049525913e-07
184	8.42451780320287e-07
185	7.910620351487902e-07
186	7.282784809859898e-07
187	6.837895099513464e-07
188	6.296954089246808e-07
189	5.911674975318472e-07
190	5.446220799301343e-07
191	5.112407392393286e-07
192	4.712526662407799e-07
193	4.423121090850746e-07
194	4.0801990595687586e-07
195	3.829087048724304e-07
196	3.535637577080736e-07
197	3.3175237516746183e-07
198	3.0670415897324986e-07
199	2.8773412397653e-07
200	2.6641736109345016e-07
201	2.498918645296214e-07
202	2.3181536729196947e-07
203	2.173910944388853e-07
204	2.0212806793244198e-07
205	1.8950810501325388e-07
206	1.7668771919064947e-07
207	1.6561539325085528e-07
208	1.5491545796100795e-07
209	1.451689876697335e-07
210	1.3630958615353956e-07
211	1.2769743713545423e-07
212	1.204353925413377e-07
213	1.1279224486635139e-07
214	1.0691631052557369e-07
215	1.0009955802320979e-07
216	9.542623704727606e-08
217	8.931294864839067e-08
218	8.568286023038052e-08
219	8.016714270444577e-08
220	7.744186370324605e-08
221	7.243257306719908e-08
222	7.049189271209018e-08
223	6.59106485230787e-08
224	6.465018217887069e-08
225	6.042964490115913e-08
226	5.975875995710549e-08
227	5.584113681694155e-08
228	5.56811498347082e-08
229	5.201689911446488e-08
230	5.2299508866953005e-08
231	4.8846216509464545e-08
232	4.951214199297824e-08
233	4.623354783059452e-08
234	4.723134447228108e-08
235	4.409649836285617e-08
236	4.538152914140239e-08
237	4.23640598732088e-08
238	4.389760109052688e-08
239	4.0975083173975675e-08
240	4.2723547299065844e-08
241	3.987695271213494e-08
242	4.1811212962693415e-08
243	3.9024436616981174e-08
244	4.1119240000833576e-08
245	3.837868916994976e-08
246	4.06121464138468e-08
247	3.79063856407646e-08
248	4.0259527961271e-08
249	3.75789720912791e-08
250	4.0035366057277246e-08
251	3.737201499594237e-08
252	3.991742789858946e-08
253	3.7264637545063375e-08
254	3.9886746659804285e-08
255	3.723903119464309e-08
256	3.9927171200816446e-08
257	3.728003253753493e-08
258	4.0024976099622736e-08
259	3.7374756876280324e-08
260	4.016852405096307e-08
261	3.75122809958665e-08
262	4.034797368903825e-08
263	3.7683368632737475e-08
264	4.0555026831031975e-08
265	3.788023298599251e-08
266	4.0782709905495914e-08
267	3.809633135200029e-08
268	4.102518503313487e-08
269	3.83261876263579e-08
270	4.1277586816847824e-08
271	3.856523896174601e-08
272	4.153588141292819e-08
273	3.880970337068411e-08
274	4.1796744923355246e-08
275	3.905646547157658e-08
276	4.205745851251111e-08
277	3.93029779644976e-08
278	4.231581802752933e-08
279	3.954717672251521e-08
280	4.257005614998117e-08
281	3.97874076666383e-08
282	4.281877545507159e-08
283	4.002236388761802e-08
284	4.306089079470264e-08
285	4.0251031522269465e-08
286	4.329557991939886e-08
287	4.0472643382245134e-08
288	4.352224100920538e-08
289	4.068663906420379e-08
290	4.3740456344415646e-08
291	4.0892630833450405e-08
292	4.394996122363044e-08
293	4.109037443459899e-08
294	4.415061739126174e-08
295	4.127974414342142e-08
296	4.43423903851888e-08
297	4.146071149643082e-08
298	4.4525330233420286e-08
299	4.163332716719633e-08
300	4.469955506760256e-08
301	4.1797705588202135e-08
302	4.486523722655109e-08
303	4.1954011902775014e-08
304	4.50225915178696e-08
305	4.21024509528127e-08
306	4.517186530731658e-08
307	4.224325797730969e-08
308	4.531333019773765e-08
309	4.237669080394102e-08
310	4.5447275083841414e-08
311	4.2503023339111365e-08
312	4.5574000338388936e-08
313	4.262254011345877e-08
314	4.569381301292222e-08
315	4.2735531780955476e-08
316	4.580702288869353e-08
317	4.2842291419542265e-08
318	4.591393922763992e-08
319	4.2943111488917e-08
320	4.601486816920808e-08
321	4.303828138796591e-08
322	4.611011062951059e-08
323	4.3128085495204927e-08
324	4.619996064630272e-08
325	4.321280161554923e-08
326	4.6284704095219724e-08
327	4.329269978445587e-08
328	4.636461772263712e-08
329	4.336804136540541e-08
330	4.6439968441150814e-08
331	4.3439078391136596e-08
332	4.651101285969097e-08
333	4.35060531328862e-08
334	4.6577996906890205e-08
335	4.3569197747878884e-08
336	4.664115579196738e-08
337	4.362873424979067e-08
338	4.6700713893139386e-08
339	4.368487440682092e-08
340	4.6756884853985906e-08
341	4.373781983833305e-08
342	4.680987173205082e-08
343	4.378776215890412e-08
344	4.6859867223992335e-08
345	4.383488319110736e-08
346	4.6907053904089555e-08
347	4.387935519717276e-08
348	4.695160456355457e-08
349	4.392134119840726e-08
350	4.699368252111595e-08
351	4.396099527019165e-08
352	4.703344198417136e-08
353	4.3998462886082274e-08
354	4.707102841804222e-08
355	4.40338812664807e-08
356	4.710657891432276e-08
357	4.406737972674004e-08
358	4.714022256931637e-08
359	4.409908003684996e-08
360	4.7172080858570594e-08
361	4.4129096772961996e-08
362	4.720226801349527e-08
363	4.415753767803227e-08
364	4.7230891357359153e-08
365	4.418450397422428e-08
366	4.725805174287511e-08
367	4.4210090777579e-08
368	4.7283843802328184e-08
369	4.4234387337723635e-08
370	4.730835637589868e-08
371	4.425747743753172e-08
372	4.7331672700811176e-08
373	4.427943957599652e-08
374	4.735387087129189e-08
375	4.4300347399554766e-08
376	4.737502404605847e-08
377	4.432026989943353e-08
378	4.7395200760952926e-08
379	4.433927170504966e-08
380	4.741446520026536e-08
381	4.4357413343239813e-08
382	4.743287743754068e-08
383	4.43747514617497e-08
384	4.745049371925362e-08
385	4.4391339100556e-08
386	4.7467366663250027e-08
387	4.440722587528753e-08
388	4.7483545500602554e-08
389	4.442245820875061e-08
390	4.749907625310509e-08
391	4.443707949736982e-08
392	4.751400196496338e-08
393	4.445113032826794e-08
394	4.7528362878811774e-08
395	4.446464864756182e-08
396	4.7542196605835583e-08
397	4.4477669919228556e-08
398	4.755553829660941e-08
399	4.449022728641817e-08
400	4.7568420796334294e-08
