1.0
0.5923947038648277
0.35815089886872853
0.21682730706859987
0.13321453263478567
0.08477652883896945
0.056868805124283314
0.04059085033796856
0.030806069387018034
0.02464112343330753
0.020515155012774792
0.017564255792620654
0.015316050103258283
0.013510332782271178
0.012001547385143793
0.010706132503521593
0.00957419241144783
0.008574274439437913
0.00768519771553327
0.006891652280129828
0.006181825498647336
0.005546109554425429
0.004976387044597479
0.004465625412728138
0.0040076366978460945
0.003596926323703241
0.003228590511593337
0.0028982409550519345
0.0026019454759930076
0.002336178688193909
0.0020977795025751826
0.0018839134966496156
0.001692039818747077
0.0015198808356840046
0.0013653956820970888
0.0012267547202710852
0.001102319331529541
0.0009906208032273742
0.000890344506346755
0.0008003108910130143
0.0007194641784120269
0.0006468581456996275
0.000581644913080905
0.0005230646587352962
0.0004704364069032991
0.00042314977977792235
0.00038065761415619824
0.0003424693533659694
0.00030814513378131384
0.00027729049331012465
0.00024955163658381727
0.0002246111982625635
0.00020218445192073372
0.00018201591744177378
0.00016387632478044096
0.00014755989638182688
0.0001328819145274387
0.00011967654345239005
0.00010779487927636315
9.71032036589356e-05
8.748141965320753e-05
7.882165052274863e-05
7.102698433929782e-05
6.401034900617962e-05
5.769350398893599e-05
5.200613649451875e-05
4.6885051143043416e-05
4.227344334156824e-05
3.812024760588165e-05
3.4379553006245055e-05
3.101007873901424e-05
2.7974703566507266e-05
2.5240043527468585e-05
2.2776072909498338e-05
2.0555784002166443e-05
1.855488161938344e-05
1.67515088002794e-05
1.5126000473187645e-05
1.3660662203418276e-05
1.2339571445481341e-05
1.114839898893833e-05
1.0074248527094517e-05
9.105512492676748e-06
8.23174249680914e-06
7.443532879433027e-06
6.732416033618522e-06
6.090768303930907e-06
5.51172538248855e-06
4.989106237041111e-06
4.517344704517591e-06
4.0914279722489165e-06
3.7068412486943514e-06
3.3595179969466015e-06
3.045795168152215e-06
2.7623729295064626e-06
2.5062784328500536e-06
2.2748332161764747e-06
2.0656238716732617e-06
1.8764756512957215e-06
1.7054287140207678e-06
1.5507167490753257e-06
