1.0
0.6043696347247817
0.34911507540744824
0.18408901242927503
0.08797563873252165
0.03874175318758941
0.016101725065250108
0.006445028434619711
0.0025183793207355252
0.0009682176360897507
0.00036760119585889736
0.0001378800242946705
5.094587020117277e-05
1.8413583992513173e-05
6.420526430832677e-06
2.1024695249282454e-06
6.111307992132583e-07
1.3680906490751913e-07
1.3471433546887715e-08
1.6252086673055637e-09
1.8670884109712182e-08
3.8397901728334404e-08
5.403270855826205e-08
6.496321116342025e-08
7.216520138552642e-08
7.675401181749364e-08
7.961230528910659e-08
8.135831027534376e-08
8.240129937867427e-08
8.300428733659246e-08
8.333350058323631e-08
8.349298021425121e-08
8.35474725677678e-08
8.353713267888463e-08
8.348681377625744e-08
8.341188002084397e-08
8.332182302618391e-08
8.322250433366321e-08
8.311754308386508e-08
8.30091737107967e-08
8.289877572190758e-08
8.278720080770146e-08
8.267497478297375e-08
8.25624222546287e-08
8.244974357861616e-08
8.23370623796321e-08
8.222445488313041e-08
8.21119680413871e-08
8.1999630712913e-08
8.188746058135237e-08
8.177546842297429e-08
