1.0
0.9913455773696153
0.977773003240367
0.9517704172452408
0.9144520957145549
0.8996760680967277
0.8621644586141437
0.858477881403147
0.8523038739593302
0.8091478478427048
0.7814494803892926
0.7519579601998743
0.7247838425461733
0.6722384071546385
0.6653220117514909
0.6126008032183092
0.5718986517891906
0.5589656147677187
0.5466083761079696
0.4811960254746877
0.46080733375595573
0.420997594885145
0.408880686613075
0.3187182870151872
0.24096053615313107
0.22479774004938366
0.15684426922140585
0.1406863137372803
0.1284725248693432
0.1186439937534912
0.09419033660148322
0.08754439229456057
0.07669757710029168
0.07168167508994532
0.06780953861199433
0.0588014047921946
0.05412042527041088
0.052764968620420925
0.04581565357079435
0.04180806441629306
0.0389502352115515
0.03936702716701587
0.0369975622995794
0.0383097727768673
0.04020988323104911
0.03327805561241322
0.03948144680563905
0.04019581766349881
0.0422103896279086
0.03823617487397217
0.03829944159789486
0.032325864406689275
0.031780065274597855
0.03108577525683129
0.0312010966446022
0.030849538537842558
0.030914718759281735
0.030930688011059495
0.0289450888457585
0.03576634185566491
0.03726554428574441
0.03332687115669436
0.02893077755388244
0.024081571517710586
0.023469051617476644
0.023266222745928624
0.023186863220834155
0.03437555935147025
0.02995939228527474
0.027794191767454016
0.029544542645963588
0.023414276728396893
0.029019242631518984
0.028541656545030335
0.02675433017400544
0.02452306988085668
0.029487587223562862
0.034424502733547954
0.023875714910177495
0.024575028122467472
0.03215962234414379
0.034626053479605186
0.027769449837849763
0.021303754335247522
0.022741836236226887
0.02481686375658508
0.02349962084545457
0.03174238260658886
0.0302712210047489
0.026776833846495953
0.025217628436971878
0.03014350304414675
0.03424080185703574
0.02972491126310548
0.027852272605118758
0.027498137996309006
0.02633043113472014
0.03546778284093066
0.029759144483613054
0.022714710482699595
0.025355650001471303
0.02502397513226759
0.02797086090215048
0.04783341123847663
0.020919690964337177
0.021081993473784647
0.03162732384551817
0.029802933751223552
0.03490579559519426
0.02730965143797557
0.03406271953325773
0.03091989082652972
0.021052095019206827
0.025114127331732954
0.02690504096033476
0.025643992942312073
0.02488790342037237
0.020917988000261064
0.021613244794444805
0.032365579095751065
0.020420858914662398
0.021859354460948537
0.02069656127807486
0.02030405715742509
0.025410866016342005
0.02558855356705016
0.025416932268316705
0.02499410547718422
0.02498444325803213
0.043264979701740446
0.02234437999765009
0.020571428967750823
0.020664473970733455
0.020659508768760885
0.028006790259895383
0.022216412833253443
0.02843220744635358
0.026182869063510167
0.025226182619839797
0.020249797938218118
0.030064173077521766
0.03169701874785632
0.02086986148344576
0.02077961793796835
0.03178014557169228
0.028840797822014506
0.026257425334581995
0.022561378518730003
0.021796900809943037
0.021433429791031737
0.021827909338281545
0.02899497588439869
0.02946654619837979
0.028369275192405084
0.026015773088178585
0.02581322181917207
0.023741020860951215
0.023976930641466703
0.02382238801632266
0.02382046323318083
0.0241869514353452
0.025015258018185754
0.037428669176247605
0.03635225935763473
0.034496613229512384
0.0428841768789894
0.035400849016835434
0.036392351225657836
0.04279124969954718
0.03538058140747949
0.038756377970515066
0.025426772521217098
0.023094107557326396
0.02578906226123564
0.025611827199692763
0.02559478386031256
0.03392356312880019
0.02225156816301175
0.038614421043806246
0.05263206256639398
