1.0
0.9709197329344741
0.5695197257712311
0.26204526039910986
0.12037934964918169
0.09543585453527595
0.0934626301970526
0.10163564106048707
0.08021401990989602
0.07132174185198042
0.06729590304702913
0.07609027002919157
0.06394379846838223
0.0480784651873976
0.04925382254838021
0.03615858151599547
0.03527428912074125
0.02397214503522106
0.015854627168881478
0.009303054220053382
0.0033346740173101556
0.002355936075118107
0.0005793821302333031
0.00016209987648816205
0.00012527918562907337
0.00013326638369218078
0.00011711785083673621
0.0001296439903848813
0.00013489061066242425
0.00015340878960070877
0.0001621798924291268
