0	10	199.52423517992403
1	10	198.75097020709003
2	10	295.43665888653214
3	10	228.7010082379666
4	10	278.01710946556335
5	10	200.37854548101433
6	10	221.49249874412627
7	10	200.3822503602775
8	10	77.86387188006424
9	10	190.29171513371523
10	10	174.12949133336028
11	10	202.60404126074644
12	10	215.04255221162788
13	10	73.78828668088585
14	10	206.9550892572735
15	10	181.55848228296165
16	10	189.51368697113352
17	10	198.55794530456217
18	10	148.3733968875503
19	10	193.6743716952746
0	1	0.19878998864858705
1	1	0.25058413758799575
2	1	0.1930551598846969
3	1	0.1512061614967189
4	1	0.1912929872005962
5	1	0.19322870545747
6	1	0.16409554700924128
7	1	0.2
8	1	0.19553624729651783
9	1	0.2
