0	10	199.51052302237963
1	10	198.6878064865194
2	10	295.9074678958481
3	10	229.04670941511822
4	10	278.33134240998584
5	10	200.38184822048396
6	10	221.71717679834802
7	10	200.23773058680183
8	10	78.18993108100437
9	10	189.89948646904315
10	10	173.27996878132964
11	10	202.519217917061
12	10	215.09031439074957
13	10	74.42764849845958
14	10	206.8962514042807
15	10	181.43428440867797
16	10	189.47079688716744
17	10	198.62028476449896
18	10	148.0764386853139
19	10	193.4887507630321
0	1	0.19881859976650404
1	1	0.2503013840977327
2	1	0.19305462155732003
3	1	0.15190295443633867
4	1	0.19134091750907378
5	1	0.19325261577024092
6	1	0.16401584110916945
7	1	0.2
8	1	0.19553874248949676
9	1	0.2
