0	10	199.52448052142125
1	10	198.75062884243826
2	10	295.3913392512882
3	10	228.68447056351727
4	10	277.97757498071724
5	10	200.37836942049623
6	10	221.48182190465215
7	10	200.3810207978468
8	10	78.09606695296175
9	10	190.2891827368923
10	10	174.12669285480948
11	10	202.6032388777375
12	10	215.0288040774675
13	10	74.03857236556387
14	10	206.94568629606053
15	10	181.57307192782014
16	10	189.52746734976884
17	10	198.56322775522463
18	10	148.42081731214998
19	10	193.67634912667876
0	1	0.19878720889494858
1	1	0.25064306088887367
2	1	0.1930461618492979
3	1	0.151103386656363
4	1	0.1912839207965076
5	1	0.19322073264227246
6	1	0.16401371544753146
7	1	0.2
8	1	0.19552603672875146
9	1	0.2
