0	10	199.52337006499243
1	10	198.747980156796
2	10	295.4939308750248
3	10	228.73103808818828
4	10	278.06201348768667
5	10	200.37885356403729
6	10	221.5119611456086
7	10	200.37559397538357
8	10	77.71299719366299
9	10	190.27311962632723
10	10	174.08720009265338
11	10	202.60017166799182
12	10	215.0550462277259
13	10	73.64088461300675
14	10	206.9588447575008
15	10	181.54146639041687
16	10	189.50148848145844
17	10	198.55746183707203
18	10	148.32358738619945
19	10	193.66296705254084
0	1	0.19878720889494858
1	1	0.25064306088887367
2	1	0.1930461618492979
3	1	0.151103386656363
4	1	0.1912839207965076
5	1	0.19322073264227246
6	1	0.16401371544753146
7	1	0.2
8	1	0.19552603672875146
9	1	0.2
