0	10	199.55040921098552
1	10	198.85590149427097
2	10	293.92525702570765
3	10	227.8166418760274
4	10	276.8752862596284
5	10	200.3682690775752
6	10	220.92616494246332
7	10	200.62020413464157
8	10	80.52893195771833
9	10	190.9512438931164
10	10	175.59101237910974
11	10	202.7480469143155
12	10	214.73669011230066
13	10	76.11677497852277
14	10	206.90880476217882
15	10	181.9986472723501
16	10	189.80138750643175
17	10	198.5187312325278
18	10	149.6485606607178
19	10	194.06931213491416
0	1	0.19864252353996165
1	1	0.2520338931100514
2	1	0.1930578861548156
3	1	0.14704848622626313
4	1	0.1911097987289922
5	1	0.19307789080991256
6	1	0.16405044405808128
7	1	0.2
8	1	0.19533980267690024
9	1	0.2
