0	10	199.5234355183286
1	10	198.74684116411797
2	10	295.4541287766516
3	10	228.71859015690964
4	10	278.0260377927857
5	10	200.37871499039014
6	10	221.50401812316863
7	10	200.37253404051077
8	10	77.95228269776874
9	10	190.26549036559194
10	10	174.07348139552053
11	10	202.5983234757142
12	10	215.0417087377022
13	10	73.90214562966251
14	10	206.9485634964428
15	10	181.55462388919173
16	10	189.51486096822507
17	10	198.5635832059853
18	10	148.367560180065
19	10	193.6628509378086
0	1	0.19878492688286276
1	1	0.25069462691340977
2	1	0.19303751388435664
3	1	0.1510178024827818
4	1	0.1912755855934633
5	1	0.19321361145063026
6	1	0.16393563839866845
7	1	0.2
8	1	0.1955173736890032
9	1	0.2
