0	10	199.51271274031726
1	10	198.69766391657498
2	10	295.8264361724005
3	10	228.98942817736213
4	10	278.275501487848
5	10	200.38128230050594
6	10	221.6802682848321
7	10	200.25991482244774
8	10	78.17932842180092
9	10	189.95957739320625
10	10	173.41048365490204
11	10	202.53237073716517
12	10	215.080083569612
13	10	74.37009986988748
14	10	206.90344921423113
15	10	181.4562563391271
16	10	189.48009432498722
17	10	198.61170953161098
18	10	148.13122033742798
19	10	193.51841735094786
0	1	0.19882597000141902
1	1	0.2505054596232116
2	1	0.19297577204152078
3	1	0.15205307732772635
4	1	0.1912896888926671
5	1	0.19322271711109001
6	1	0.16344650155507154
7	1	0.2
8	1	0.19553321463996695
9	1	0.2
