0	10	199.51285443221832
1	10	198.6964841308872
2	10	295.7755957717099
3	10	228.9737381585398
4	10	278.23043969918007
5	10	200.3811509926138
6	10	221.66946487359778
7	10	200.25725096813656
8	10	78.46386092526426
9	10	189.95385521924473
10	10	173.4014417161951
11	10	202.5303827056106
12	10	215.0646703432533
13	10	74.6810711892401
14	10	206.89223992075867
15	10	181.4726549958019
16	10	189.49591103664682
17	10	198.61836054733848
18	10	148.18494772317618
19	10	193.51815642242568
0	1	0.19881916564040125
1	1	0.250431289592611
2	1	0.19301565624149006
3	1	0.15187545238833822
4	1	0.19131237968084985
5	1	0.19323397766886566
6	1	0.16371828176352385
7	1	0.2
8	1	0.19552963256952066
9	1	0.2
