0	10	199.51237870625636
1	10	198.6988761654693
2	10	295.9072997111397
3	10	229.0172910635094
4	10	278.3465425094732
5	10	200.38157303384855
6	10	221.69875301175216
7	10	200.26300450141176
8	10	77.74551810731995
9	10	189.96614085568288
10	10	173.4197966739063
11	10	202.53450212273387
12	10	215.10493207129218
13	10	73.9005879441357
14	10	206.9208503429992
15	10	181.42996903182404
16	10	189.45492836015748
17	10	198.60169691615593
18	10	148.0453618656195
19	10	193.5163905926864
0	1	0.1988277353691298
1	1	0.250468024538147
2	1	0.1929817693668815
3	1	0.152119989994788
4	1	0.1912957360618915
5	1	0.19322789036658616
6	1	0.16350206404317966
7	1	0.2
8	1	0.19553976683252097
9	1	0.2
