0	10	199.53091284686138
1	10	198.78409930948587
2	10	295.27686638701744
3	10	228.55509100678188
4	10	277.92759457084964
5	10	200.37721966869825
6	10	221.3967501807023
7	10	200.4586495591992
8	10	77.2703469693962
9	10	190.49864495655012
10	10	174.5738085864048
11	10	202.64849865819667
12	10	215.0442721556255
13	10	73.00270149293142
14	10	207.00324000996517
15	10	181.5953524721862
16	10	189.50986598788845
17	10	198.51632103533814
18	10	148.4372859186362
19	10	193.76356591921603
0	1	0.19878771010984564
1	1	0.25001773362444135
2	1	0.19321563310034717
3	1	0.15150552842254283
4	1	0.19138956012568004
5	1	0.1933171825944118
6	1	0.16545497605639245
7	1	0.2
8	1	0.1956380975458914
9	1	0.2
