0	10	199.52340305101393
1	10	198.74958482535015
2	10	295.5263732319013
3	10	228.73920302469662
4	10	278.0921462694874
5	10	200.3789286056374
6	10	221.51750545335028
7	10	200.37941991691457
8	10	77.4914529243386
9	10	190.28277290768892
10	10	174.1057147102557
11	10	202.60257807606754
12	10	215.0666213021049
13	10	73.39587243899652
14	10	206.9685425094775
15	10	181.5302353091597
16	10	189.48947552143383
17	10	198.55135612136948
18	10	148.2850247745227
19	10	193.66536022353645
0	1	0.1987887287026473
1	1	0.2505337368770672
2	1	0.1930745491699923
3	1	0.15121532619523018
4	1	0.19130400041067147
5	1	0.19323746157615565
6	1	0.16425765892247976
7	1	0.2
8	1	0.19554527691923007
9	1	0.2
