0	10	199.51690171053195
1	10	198.71820486475787
2	10	295.7116344860872
3	10	228.89136743759667
4	10	278.20654556671536
5	10	200.38036398856744
6	10	221.61672886291768
7	10	200.30744671957103
8	10	77.88324974381405
9	10	190.08814230222868
10	10	173.68657069071048
11	10	202.56033777456662
12	10	215.07583545522795
13	10	73.95842466985268
14	10	206.9300916435664
15	10	181.48406366962072
16	10	189.48254372335938
17	10	198.58738286685463
18	10	148.18813212512825
19	10	193.57669999686925
0	1	0.19881941737365774
1	1	0.25030222770309474
2	1	0.1930486033273636
3	1	0.1520163248832404
4	1	0.19132767138804846
5	1	0.1932561198630837
6	1	0.16404772681759774
7	1	0.2
8	1	0.19557059503471258
9	1	0.2
