0	10	199.52306121439875
1	10	198.74433532706124
2	10	295.44615329343065
3	10	228.72182740451848
4	10	278.0156777631906
5	10	200.37873317107585
6	10	221.50615886856374
7	10	200.36670202255073
8	10	78.09030661076659
9	10	190.2501825403386
10	10	174.04169016093527
11	10	202.59485602431278
12	10	215.03581716112646
13	10	74.06109666027096
14	10	206.94130516728882
15	10	181.55816395243198
16	10	189.5209013209158
17	10	198.56868758749707
18	10	148.38320353975033
19	10	193.6573721925491
0	1	0.19878492688286276
1	1	0.25069462691340977
2	1	0.19303751388435664
3	1	0.1510178024827818
4	1	0.1912755855934633
5	1	0.19321361145063026
6	1	0.16393563839866845
7	1	0.2
8	1	0.1955173736890032
9	1	0.2
