0	10	199.52518793828023
1	10	198.7559199101808
2	10	295.4143819438266
3	10	228.67923722149965
4	10	278.00511231435627
5	10	200.37832081500412
6	10	221.47850866574433
7	10	200.39367398766404
8	10	77.76593147153555
9	10	190.32245820967572
10	10	174.1953570108643
11	10	202.61084357113853
12	10	215.04292416666735
13	10	73.65992625201525
14	10	206.96239888864486
15	10	181.56341755215024
16	10	189.512676045757
17	10	198.55145288337314
18	10	148.38141728828307
19	10	193.68861235403853
0	1	0.198796024764042
1	1	0.25037310959380205
2	1	0.19309945778170395
3	1	0.15148251580269506
4	1	0.19132865461582238
5	1	0.19325912515138619
6	1	0.16448152211265907
7	1	0.2
8	1	0.19557241182652252
9	1	0.2
