0	10	199.54895782484306
1	10	198.85116285939424
2	10	294.02687091613245
3	10	227.86733555540386
4	10	276.9561731657895
5	10	200.36880949311234
6	10	220.95878949813968
7	10	200.61069585119014
8	10	80.24097006809019
9	10	190.9239347110661
10	10	175.5281725067354
11	10	202.74247598914278
12	10	214.75975765594572
13	10	75.82683772842064
14	10	206.91758615887466
15	10	181.96846203078076
16	10	189.77898822978764
17	10	198.51678031460276
18	10	149.558348234318
19	10	194.05105990318174
0	1	0.1986513513202564
1	1	0.25191034297466797
2	1	0.19306750840053236
3	1	0.14733186162543865
4	1	0.19112537876172678
5	1	0.19309304861591947
6	1	0.1641421845006346
7	1	0.2
8	1	0.19536145460162732
9	1	0.2
