0	10	199.55974549739696
1	10	198.88715905730302
2	10	293.28362408551305
3	10	227.49480810110137
4	10	276.36540595884924
5	10	200.36474282916714
6	10	220.72074323519948
7	10	200.68076503111755
8	10	82.29433483783104
9	10	191.12612216255354
10	10	175.991361463826
11	10	202.7840173953308
12	10	214.59213284404254
13	10	77.89305386305902
14	10	206.8544297436752
15	10	182.18707679293294
16	10	189.9402604195984
17	10	198.52869915042388
18	10	150.21220046074663
19	10	194.1893968938893
0	1	0.19854240575292725
1	1	0.2536070250191411
2	1	0.1928894837848271
3	1	0.1437735055101222
4	1	0.19089368039141272
5	1	0.1928826196764472
6	1	0.16261640755206427
7	1	0.2
8	1	0.19507468175710285
9	1	0.2
