0	10	199.50367424133202
1	10	198.65921231240532
2	10	296.2410114085657
3	10	229.2545819678959
4	10	278.5757292696849
5	10	200.38403423936523
6	10	221.85163000391438
7	10	200.17148632210495
8	10	77.80322156221136
9	10	189.7169990938677
10	10	172.88196641669697
11	10	202.47996505575318
12	10	215.14856991366653
13	10	74.15450945880144
14	10	206.8920667676821
15	10	181.33883195929297
16	10	189.41517223287508
17	10	198.6377760749563
18	10	147.8112544464937
19	10	193.39181647086687
0	1	0.1988130408624291
1	1	0.2504087915349662
2	1	0.19303732847006172
3	1	0.151614945928815
4	1	0.1913302164690806
5	1	0.1932333872953922
6	1	0.16378478633996957
7	1	0.2
8	1	0.19549534719478032
9	1	0.2
