0	10	199.5265429720325
1	10	198.76312653625223
2	10	295.3890217409109
3	10	228.65049544772225
4	10	277.99377185813785
5	10	200.37803809820292
6	10	221.45985661557032
7	10	200.41042247004256
8	10	77.59035523857057
9	10	190.36752022789463
10	10	174.2915480291006
11	10	202.62074580335613
12	10	215.0457296575015
13	10	73.43814228236279
14	10	206.9745421579068
15	10	181.56840263779196
16	10	189.50912070600262
17	10	198.5412950084782
18	10	148.38575327137877
19	10	193.70844355111583
0	1	0.198796024764042
1	1	0.25037310959380205
2	1	0.19309945778170395
3	1	0.15148251580269506
4	1	0.19132865461582238
5	1	0.19325912515138619
6	1	0.16448152211265907
7	1	0.2
8	1	0.19557241182652252
9	1	0.2
