0	10	199.53602116932896
1	10	198.80300726994955
2	10	294.92440159350906
3	10	228.3610021745076
4	10	277.6538758116437
5	10	200.3749143696981
6	10	221.27249784981714
7	10	200.5025127593992
8	10	78.1196804408373
9	10	190.62045214178184
10	10	174.84774426161005
11	10	202.67532568981534
12	10	214.96458825982793
13	10	73.80879172603997
14	10	206.98012245938534
15	10	181.70094296142224
16	10	189.58575242586502
17	10	198.51648303460914
18	10	148.75239049388165
19	10	193.84411841273908
0	1	0.19877273353981179
1	1	0.25040397475220616
2	1	0.1931483483543201
3	1	0.1509906906215229
4	1	0.19132324329421677
5	1	0.19326683309844958
6	1	0.16491425542909785
7	1	0.2
8	1	0.1955920880350686
9	1	0.2
