0	10	199.77382450999653
1	10	199.4725310881183
2	10	266.0264169505265
3	10	217.95679551497287
4	10	253.93103319983882
5	10	200.25573038797688
6	10	214.308064986146
7	10	200.8139034429755
8	10	141.6079870845353
9	10	193.99503869457195
10	10	183.25811107369177
11	10	202.39845597160837
12	10	209.06031073000247
13	10	141.47194404436885
14	10	203.99011538976256
15	10	188.55071611292277
16	10	194.22360651812892
17	10	199.2703362938773
18	10	169.83858430998905
19	10	196.85226435175434
0	1	0.198615413300887
1	1	0.2468745280980204
2	1	0.1943998893144559
3	1	0.1479215833233209
4	1	0.19235494341609244
5	1	0.19377774236732076
6	1	0.17068861735541047
7	1	0.2
8	1	0.19567968805747332
9	1	0.2
