0	10	199.5261615734862
1	10	198.76673567910342
2	10	295.5529391960348
3	10	228.70715113786324
4	10	278.13939840026774
5	10	200.3787045868623
6	10	221.4963735925683
7	10	200.41890402655525
8	10	76.66360838424987
9	10	190.3888669949803
10	10	174.32725671330917
11	10	202.62561920853338
12	10	215.09987247053584
13	10	72.43430279844802
14	10	207.01405084718834
15	10	181.51354956134566
16	10	189.45482036774806
17	10	198.51897089551568
18	10	148.20306937053672
19	10	193.70351290224986
0	1	0.1987965949055853
1	1	0.2501422485635278
2	1	0.19316351171899493
3	1	0.15163662560998717
4	1	0.19136988235525587
5	1	0.19329469835676172
6	1	0.16502077983205632
7	1	0.2
8	1	0.19561192382337647
9	1	0.2
