0	10	199.55203122873783
1	10	198.86131783972036
2	10	293.81435282617883
3	10	227.76075147890495
4	10	276.7872351416125
5	10	200.36766286334785
6	10	220.89037908119371
7	10	200.63092277279776
8	10	80.83565639463592
9	10	190.98193377858001
10	10	175.66124266876676
11	10	202.7544061545946
12	10	214.71166683021423
13	10	76.42471921538801
14	10	206.89949481254223
15	10	182.0314405288839
16	10	189.82557697360858
17	10	198.5204741330407
18	10	149.74652435250061
19	10	194.0900635655673
0	1	0.19860381776333008
1	1	0.25262256313433673
2	1	0.19299683631108855
3	1	0.14579436728428047
4	1	0.19102732487007854
5	1	0.19300468378751184
6	1	0.163520493771742
7	1	0.2
8	1	0.19524342411476578
9	1	0.2
