0	10	199.5198980107423
1	10	198.73193977289355
2	10	295.6116810240345
3	10	228.8179009828953
4	10	278.14011985656197
5	10	200.37969332695783
6	10	221.56865624398299
7	10	200.3387814778399
8	10	77.8057086972381
9	10	190.17309887533872
10	10	173.87074090508682
11	10	202.57859514899124
12	10	215.06648593329737
13	10	73.81345291475428
14	10	206.94341492603334
15	10	181.51042996505436
16	10	189.49115207692589
17	10	198.57373990833614
18	10	148.24975147055045
19	10	193.61591252726808
0	1	0.1987831750320187
1	1	0.25073355352285887
2	1	0.19303088059418505
3	1	0.15095097625226211
4	1	0.19126917986740782
5	1	0.19320815531295651
6	1	0.16387491531787288
7	1	0.2
8	1	0.1955107198305764
9	1	0.2
