0	10	199.50338280744927
1	10	198.65567880453474
2	10	296.20065761431823
3	10	229.2490600396615
4	10	278.53635466173154
5	10	200.3839882389804
6	10	221.84732212895057
7	10	200.1633315878453
8	10	78.13720338313502
9	10	189.69656420129417
10	10	172.84114796202914
11	10	202.47473986768117
12	10	215.13270405572823
13	10	74.52950995670783
14	10	206.87716219422757
15	10	181.35313133302873
16	10	189.4318933898079
17	10	198.64765965265664
18	10	147.86245071931953
19	10	193.38464569754103
0	1	0.19881435849310194
1	1	0.25025765167694847
2	1	0.19307493316339347
3	1	0.151695368472519
4	1	0.1913597130058135
5	1	0.19325379992722405
6	1	0.1640669836964755
7	1	0.2
8	1	0.19550896367228268
9	1	0.2
