0	10	199.53087462043482
1	10	198.78776635537955
2	10	295.2953607170205
3	10	228.54005679345252
4	10	277.9505414043935
5	10	200.3764856183346
6	10	221.39151940013926
7	10	200.46808980150857
8	10	76.96107219707088
9	10	190.5236312816015
10	10	174.62139550028624
11	10	202.65659080733369
12	10	215.04842924414615
13	10	72.6308105937501
14	10	207.01229853490796
15	10	181.58773078505695
16	10	189.50075569616823
17	10	198.5059846117363
18	10	148.41761780719517
19	10	193.78761364829342
0	1	0.1987751328036322
1	1	0.2502488377839857
2	1	0.1931875438333693
3	1	0.15115848093425155
4	1	0.19135120353143606
5	1	0.19329076146257518
6	1	0.16525112830696298
7	1	0.2
8	1	0.19561779552417213
9	1	0.2
