0	10	199.53550238998224
1	10	198.80149360497833
2	10	295.01283326599554
3	10	228.4069009555431
4	10	277.72572838180935
5	10	200.37569323497422
6	10	221.30049249834218
7	10	200.49779718931384
8	10	77.81759445096834
9	10	190.60620667955789
10	10	174.81516958831583
11	10	202.67146773195185
12	10	214.99120260007422
13	10	73.50640527477456
14	10	206.99366601256943
15	10	181.67307871812122
16	10	189.56139321525137
17	10	198.51232123438177
18	10	148.65880983273385
19	10	193.8251329435833
0	1	0.19876424743051554
1	1	0.2504349672391073
2	1	0.1931649356853394
3	1	0.1507316180590713
4	1	0.19132704059454808
5	1	0.1932643867512634
6	1	0.16500993625140745
7	1	0.2
8	1	0.195576344464305
9	1	0.2
