0	10	199.5294813869972
1	10	198.7827583891989
2	10	295.37998281858046
3	10	228.58602873029486
4	10	278.01596775340766
5	10	200.37694909370506
6	10	221.42147994351276
7	10	200.45671510726115
8	10	76.76062130474774
9	10	190.49229299725206
10	10	174.55076375645226
11	10	202.64996479535964
12	10	215.0661601351001
13	10	72.43964741996902
14	10	207.01659255171916
15	10	181.5624799506948
16	10	189.48325928311732
17	10	198.50624635290302
18	10	148.34445917167608
19	10	193.76957379837225
0	1	0.19877168147794785
1	1	0.25032017728760386
2	1	0.19317734768659822
3	1	0.1510317210442063
4	1	0.19134079886931682
5	1	0.1932811425542649
6	1	0.165157138005031
7	1	0.2
8	1	0.19560530951254268
9	1	0.2
