0	10	199.5255695437407
1	10	198.76046728334202
2	10	295.471941877962
3	10	228.68995981641913
4	10	278.0611557944545
5	10	200.3784568048004
6	10	221.48538541943577
7	10	200.40463307339317
8	10	77.30345917208214
9	10	190.350983986389
10	10	174.25216942094687
11	10	202.61736845545357
12	10	215.06641062910236
13	10	73.14431730767025
14	10	206.9840177926232
15	10	181.54289433836612
16	10	189.48871286401496
17	10	198.53760962463352
18	10	148.3079218375385
19	10	193.6959274025471
0	1	0.1987978559719888
1	1	0.250321525884366
2	1	0.1931096625126339
3	1	0.15156299642734036
4	1	0.1913374251022604
5	1	0.1932666190019897
6	1	0.16457221869514038
7	1	0.2
8	1	0.1955812034146542
9	1	0.2
