0	10	199.53517798305813
1	10	198.80451433827997
2	10	295.0641440322208
3	10	228.40690142783853
4	10	277.7760982157396
5	10	200.3751482898787
6	10	221.30470391444848
7	10	200.5061402547136
8	10	77.38007999433384
9	10	190.6279171237093
10	10	174.85380983571605
11	10	202.67879103879554
12	10	215.00448462735753
13	10	73.00195251676452
14	10	207.00768155563293
15	10	181.65527739641792
16	10	189.5436456372261
17	10	198.49974870550824
18	10	148.60761223087184
19	10	193.84451285703392
0	1	0.19875229843518888
1	1	0.25031469705902526
2	1	0.1932299213771006
3	1	0.15059001122455964
4	1	0.19134902338818774
5	1	0.19329121325793028
6	1	0.16558281990323767
7	1	0.2
8	1	0.19561080485320825
9	1	0.2
