0	10	199.53140828410727
1	10	198.79074755049194
2	10	295.28531146546766
3	10	228.52826307979015
4	10	277.9462722111338
5	10	200.37635746670927
6	10	221.38401545549704
7	10	200.47499609246833
8	10	76.88379857228026
9	10	190.54228112467317
10	10	174.66121890349015
11	10	202.66069473909573
12	10	215.0497429390655
13	10	72.5338364945976
14	10	207.01746101499975
15	10	181.58939102178428
16	10	189.49889614239058
17	10	198.50157642831633
18	10	148.41821358445932
19	10	193.7962737490895
0	1	0.19877824371635608
1	1	0.2500430225040718
2	1	0.19323476363617637
3	1	0.15135925170675066
4	1	0.1913836783001007
5	1	0.19332152247824616
6	1	0.16566371176520692
7	1	0.2
8	1	0.1956545930768985
9	1	0.2
