0	10	199.60486396879608
1	10	198.9818013517752
2	10	287.2773505790521
3	10	225.20425144956346
4	10	271.3606330084854
5	10	200.34139460613514
6	10	219.29198302698384
7	10	200.71243345256195
8	10	101.80561228878682
9	10	191.58991729806752
10	10	177.20366550143197
11	10	202.74590599920293
12	10	213.15110913017483
13	10	99.03927985277453
14	10	206.03484631486913
15	10	183.7532194809156
16	10	191.19980919330686
17	10	198.84909817034557
18	10	155.28745685479356
19	10	194.81603867187985
0	1	0.19807117382126146
1	1	0.2593425321086101
2	1	0.19229607797710313
3	1	0.12848434730462394
4	1	0.1900878810986945
5	1	0.19216634631670187
6	1	0.1580842248907853
7	1	0.2
8	1	0.19396382295582737
9	1	0.2
