0	10	199.59567962291266
1	10	198.99626859110919
2	10	290.47356263477343
3	10	226.22339137005807
4	10	274.08580412650724
5	10	200.3510119284167
6	10	219.91832494846258
7	10	200.84550877429717
8	10	90.5905456731141
9	10	191.67273888971746
10	10	177.2641273000611
11	10	202.87415693046384
12	10	213.94856740690219
13	10	86.56831840750672
14	10	206.55580761723965
15	10	182.97781778893983
16	10	190.5414382635242
17	10	198.61108574123244
18	10	152.64346910142203
19	10	194.61836601392366
0	1	0.1983159567644711
1	1	0.2565898680839767
2	1	0.19259470919945845
3	1	0.13638691723646454
4	1	0.19048635694089006
5	1	0.19251210274949004
6	1	0.16019335723033526
7	1	0.2
8	1	0.19451756445916968
9	1	0.2
