0	10	199.5249786294598
1	10	198.751291443045
2	10	295.3338729141669
3	10	228.6608481651814
4	10	277.92911719171155
5	10	200.37813343304458
6	10	221.46636588800516
7	10	200.38215307873995
8	10	78.34303777968015
9	10	190.29327264336266
10	10	174.13849275627948
11	10	202.60374037409716
12	10	215.01317943717208
13	10	74.30038998979556
14	10	206.9365629012448
15	10	181.59110649122732
16	10	189.5431470565777
17	10	198.56787023618662
18	10	148.47752199558653
19	10	193.68135176839007
0	1	0.19878492688286276
1	1	0.25069462691340977
2	1	0.19303751388435664
3	1	0.1510178024827818
4	1	0.1912755855934633
5	1	0.19321361145063026
6	1	0.16393563839866845
7	1	0.2
8	1	0.1955173736890032
9	1	0.2
