0	10	199.53801578411046
1	10	198.81156367998366
2	10	294.88543455375685
3	10	228.33145388119854
4	10	277.63081133824517
5	10	200.37492551729224
6	10	221.25132999567717
7	10	200.52055568753286
8	10	78.01216163010504
9	10	190.6687494922931
10	10	174.95400668132203
11	10	202.6847631443842
12	10	214.9682597036093
13	10	73.66825386727017
14	10	206.99313036836057
15	10	181.7097621569254
16	10	189.5835836023275
17	10	198.50742445151926
18	10	148.76038671869424
19	10	193.85845204035311
0	1	0.19876593340259388
1	1	0.2503950027034345
2	1	0.19317210012890215
3	1	0.1507970647203504
4	1	0.19133364835138233
5	1	0.1932701186377961
6	1	0.16507582282997615
7	1	0.2
8	1	0.19558296748172252
9	1	0.2
