0	10	199.57778897443745
1	10	198.94110935568807
2	10	291.8617994780324
3	10	226.84360996873244
4	10	275.21328222752
5	10	200.35776240828028
6	10	220.3064828849522
7	10	200.76989702047118
8	10	86.59853536601918
9	10	191.41206770477194
10	10	176.65972619310025
11	10	202.8334010943357
12	10	214.26314831147516
13	10	82.37166763356136
14	10	206.70405881025826
15	10	182.5945857878731
16	10	190.25190898561334
17	10	198.57295841187147
18	10	151.46145220234052
19	10	194.40556537090032
0	1	0.19844586264253555
1	1	0.25496330892313396
2	1	0.19275652526931272
3	1	0.14060028856014356
4	1	0.19071288278541626
5	1	0.1927138995460486
6	1	0.1614845860511428
7	1	0.2
8	1	0.19482554524960694
9	1	0.2
