0	10	199.521652620893
1	10	198.73815829827615
2	10	295.50414033506036
3	10	228.7604029399265
4	10	278.0565710185689
5	10	200.37911916098892
6	10	221.53124341930982
7	10	200.35256357316933
8	10	78.06703357726973
9	10	190.21157394543027
10	10	173.95744542918194
11	10	202.58655295962782
12	10	215.04399821421785
13	10	74.06485552810797
14	10	206.93773787647018
15	10	181.54220408759068
16	10	189.51324333232148
17	10	198.5737420763346
18	10	148.34175821225483
19	10	193.63809993747762
0	1	0.1987831750320187
1	1	0.25073355352285887
2	1	0.19303088059418505
3	1	0.15095097625226211
4	1	0.19126917986740782
5	1	0.19320815531295651
6	1	0.16387491531787288
7	1	0.2
8	1	0.1955107198305764
9	1	0.2
