0	10	199.5356019036071
1	10	198.8027104195985
2	10	295.02756499072984
3	10	228.40938864250114
4	10	277.7401632978473
5	10	200.37571564010594
6	10	221.30215176252563
7	10	200.5007171581599
8	10	77.69705257216866
9	10	190.61382130637332
10	10	174.83035928389015
11	10	202.67323260460915
12	10	214.99721893692185
13	10	73.37148178868951
14	10	206.99930056721507
15	10	181.66775442467676
16	10	189.5551689262993
17	10	198.50865839949384
18	10	148.63976126881445
19	10	193.8273586872586
0	1	0.19876593340259388
1	1	0.2503950027034345
2	1	0.19317210012890215
3	1	0.1507970647203504
4	1	0.19133364835138233
5	1	0.1932701186377961
6	1	0.16507582282997615
7	1	0.2
8	1	0.19558296748172252
9	1	0.2
