0	10	199.50526602690738
1	10	198.66489161446157
2	10	296.1426011711184
3	10	229.20182316135043
4	10	278.4992824656653
5	10	200.38351642110476
6	10	221.81724873022017
7	10	200.18424979616879
8	10	78.04088335882818
9	10	189.7526044461135
10	10	172.9619374140978
11	10	202.4873003339751
12	10	215.12804147872288
13	10	74.38207673905127
14	10	206.8870901145595
15	10	181.36788679219012
16	10	189.4352748255714
17	10	198.6376885377345
18	10	147.8951115839928
19	10	193.41235539742885
0	1	0.1988166189353123
1	1	0.2503272097909312
2	1	0.19305149599308324
3	1	0.15175899343347707
4	1	0.19134385405082638
5	1	0.19324492581007144
6	1	0.16391381030507485
7	1	0.2
8	1	0.19550970281422808
9	1	0.2
