0	10	199.5616075805152
1	10	198.89280963243957
2	10	293.1423117710369
3	10	227.42829744856297
4	10	276.25131165322404
5	10	200.36403160705868
6	10	220.67834521003826
7	10	200.6907894806147
8	10	82.72495472900954
9	10	191.15671981256054
10	10	176.0626540543247
11	10	202.78976144528508
12	10	214.55924218427407
13	10	78.33753015885473
14	10	206.83989058757513
15	10	182.22832729404504
16	10	189.97184602819598
17	10	198.5329763064904
18	10	150.33788678015685
19	10	194.21179181400865
0	1	0.19854240575292725
1	1	0.2536070250191411
2	1	0.1928894837848271
3	1	0.1437735055101222
4	1	0.19089368039141272
5	1	0.1928826196764472
6	1	0.16261640755206427
7	1	0.2
8	1	0.19507468175710285
9	1	0.2
