0	10	199.52422080265873
1	10	198.7476771355962
2	10	295.35567911627237
3	10	228.67843738724272
4	10	277.9427453709036
5	10	200.37829628589625
6	10	221.477859540402
7	10	200.37390688872563
8	10	78.38396718278496
9	10	190.27102784245963
10	10	174.0904732733221
11	10	202.59890616027843
12	10	215.01436443644968
13	10	74.36042369344172
14	10	206.9322749246766
15	10	181.5855900322275
16	10	189.54215584466775
17	10	198.57191690361384
18	10	148.46585130909966
19	10	193.67125562130062
0	1	0.19878492688286276
1	1	0.25069462691340977
2	1	0.19303751388435664
3	1	0.1510178024827818
4	1	0.1912755855934633
5	1	0.19321361145063026
6	1	0.16393563839866845
7	1	0.2
8	1	0.1955173736890032
9	1	0.2
