0	10	199.50361719879012
1	10	198.6618970350786
2	10	296.28710743843385
3	10	229.25955898590922
4	10	278.6202988650222
5	10	200.38386156263928
6	10	221.85662307592742
7	10	200.17889025130782
8	10	77.43618595512092
9	10	189.73615327359084
10	10	172.91692912788778
11	10	202.48553492478354
12	10	215.16311239616005
13	10	73.7400721122886
14	10	206.90568569700704
15	10	181.3235480819402
16	10	189.39911634243316
17	10	198.62736816581096
18	10	147.76370685102046
19	10	193.40216685682827
0	1	0.1988346964999169
1	1	0.25016837918939916
2	1	0.19304780954591927
3	1	0.1523543649714575
4	1	0.1913568177423345
5	1	0.19326579866045185
6	1	0.1639835052751422
7	1	0.2
8	1	0.1955593082512148
9	1	0.2
