0	10	199.53140509771228
1	10	198.78591443375092
2	10	295.24616274953314
3	10	228.53830560740172
4	10	277.90385823911
5	10	200.37704530421894
6	10	221.38586137730366
7	10	200.46278365015394
8	10	77.34196645356705
9	10	190.51000691585315
10	10	174.5994592111632
11	10	202.6509298317627
12	10	215.03780525002458
13	10	73.0706182321801
14	10	207.00168340929474
15	10	181.60447099415066
16	10	189.5161495121782
17	10	198.516155155939
18	10	148.46365881686665
19	10	193.7703917246697
0	1	0.19877066887974276
1	1	0.25021469883573255
2	1	0.19320749873727744
3	1	0.15098627395260325
4	1	0.1913636068060951
5	1	0.1932942460840252
6	1	0.16535834038244926
7	1	0.2
8	1	0.1956060080010991
9	1	0.2
