0	10	199.5096366165248
1	10	198.684478534742
2	10	295.95338646929525
3	10	229.0725790461514
4	10	278.36609552051857
5	10	200.3820786533145
6	10	221.73425412162405
7	10	200.23024738397427
8	10	78.10491508315434
9	10	189.87871369050404
10	10	173.23383471925587
11	10	202.51498945186174
12	10	215.09869073781078
13	10	74.3512612462164
14	10	206.89693075752146
15	10	181.4209280896427
16	10	189.46241406808193
17	10	198.62137000287828
18	10	148.03931777763884
19	10	193.47837068556996
0	1	0.19881859976650404
1	1	0.2503013840977327
2	1	0.19305462155732003
3	1	0.15190295443633867
4	1	0.19134091750907378
5	1	0.19325261577024092
6	1	0.16401584110916945
7	1	0.2
8	1	0.19553874248949676
9	1	0.2
