0	10	199.5381681494721
1	10	198.8170464576631
2	10	294.92668464452373
3	10	228.3212200215505
4	10	277.67575872495763
5	10	200.37426556245393
6	10	221.24911507924236
7	10	200.53420798937086
8	10	77.52875609629271
9	10	190.70442009303056
10	10	175.0226503167534
11	10	202.69532170937572
12	10	214.98166354700757
13	10	73.1032335030641
14	10	207.0103965885152
15	10	181.69425366319066
16	10	189.5653711491632
17	10	198.49184963989234
18	10	148.71254442415284
19	10	193.8846679418431
0	1	0.19875229843518888
1	1	0.25031469705902526
2	1	0.1932299213771006
3	1	0.15059001122455964
4	1	0.19134902338818774
5	1	0.19329121325793028
6	1	0.16558281990323767
7	1	0.2
8	1	0.19561080485320825
9	1	0.2
