0	10	199.58487326311672
1	10	198.95199433148625
2	10	290.72749717189924
3	10	226.4016398743638
4	10	274.2613126112619
5	10	200.35293129271693
6	10	220.0353953323728
7	10	200.76851406797928
8	10	90.6595608108555
9	10	191.47117256828605
10	10	176.83170868397337
11	10	202.82589090951606
12	10	213.97007685910182
13	10	86.76238013303406
14	10	206.53045576894706
15	10	182.9014969338935
16	10	190.51214352967
17	10	198.64721576511366
18	10	152.47431804252074
19	10	194.5244113199951
0	1	0.1983157616325379
1	1	0.2565949591363482
2	1	0.19259421935023077
3	1	0.1363863142590915
4	1	0.1904858564823353
5	1	0.19251168615746778
6	1	0.16019145324530065
7	1	0.2
8	1	0.19451697419020347
9	1	0.2
