0	10	199.52776037115171
1	10	198.7666600998859
2	10	295.2947651548084
3	10	228.60489989166427
4	10	277.917917661017
5	10	200.3775794903298
6	10	221.4300833822381
7	10	200.41819847259046
8	10	77.89504967536094
9	10	190.38973453313739
10	10	174.34354129124188
11	10	202.62515379840897
12	10	215.02333491173474
13	10	73.74795009532126
14	10	206.96520241144052
15	10	181.59716142065824
16	10	189.53138820513595
17	10	198.544590453926
18	10	148.47235938595466
19	10	193.7231231769223
0	1	0.198796024764042
1	1	0.25037310959380205
2	1	0.19309945778170395
3	1	0.15148251580269506
4	1	0.19132865461582238
5	1	0.19325912515138619
6	1	0.16448152211265907
7	1	0.2
8	1	0.19557241182652252
9	1	0.2
