0	10	199.50445736145454
1	10	198.66208019869043
2	10	296.19622970889407
3	10	229.2299611893485
4	10	278.5413462660474
5	10	200.38379907650597
6	10	221.8355227838017
7	10	200.17795328120022
8	10	77.90039083817034
9	10	189.7350021739029
10	10	172.92207518553192
11	10	202.48366768540149
12	10	215.1396759253479
13	10	74.24531245147477
14	10	206.89047136847154
15	10	181.35197805059042
16	10	189.42394166546762
17	10	198.6372862226727
18	10	147.84877060674205
19	10	193.4015950325336
0	1	0.1988166189353123
1	1	0.2503272097909312
2	1	0.19305149599308324
3	1	0.15175899343347707
4	1	0.19134385405082638
5	1	0.19324492581007144
6	1	0.16391381030507485
7	1	0.2
8	1	0.19550970281422808
9	1	0.2
