0	10	199.506893638641
1	10	198.67108455363547
2	10	296.02304406587314
3	10	229.13387908875183
4	10	278.4069650945504
5	10	200.38262381201196
6	10	221.77397318094387
7	10	200.19952938648063
8	10	78.31183406348597
9	10	189.79587132662743
10	10	173.0567565671782
11	10	202.49690313590136
12	10	215.1001013279206
13	10	74.63239322048068
14	10	206.87910241640768
15	10	181.40413767747899
16	10	189.4617928176834
17	10	198.63735785124086
18	10	148.00614336115137
19	10	193.4416376122614
0	1	0.19882834878362893
1	1	0.2502385669728151
2	1	0.19304548790642453
3	1	0.15214897642727263
4	1	0.19134951268664213
5	1	0.19325678214606204
6	1	0.16393628751977682
7	1	0.2
8	1	0.19554094609157663
9	1	0.2
