0	10	199.50540463587802
1	10	198.66532129084288
2	10	296.1324357347131
3	10	229.1968006540329
4	10	278.49114950807825
5	10	200.38346636055408
6	10	221.81397719769564
7	10	200.185181161141
8	10	78.07192232643486
9	10	189.75525149638204
10	10	172.9680467899016
11	10	202.4878281028641
12	10	215.12569763975026
13	10	74.41326730154782
14	10	206.88619950260377
15	10	181.3709478780311
16	10	189.4375843749864
17	10	198.63796606722067
18	10	147.90418949045187
19	10	193.41406824523415
0	1	0.1988166189353123
1	1	0.2503272097909312
2	1	0.19305149599308324
3	1	0.15175899343347707
4	1	0.19134385405082638
5	1	0.19324492581007144
6	1	0.16391381030507485
7	1	0.2
8	1	0.19550970281422808
9	1	0.2
