0	10	199.52045156840538
1	10	198.73391468382923
2	10	295.5786784834062
3	10	228.8001599408638
4	10	278.11455080721504
5	10	200.37951959856335
6	10	221.55708969515868
7	10	200.34314971595143
8	10	77.88396715404707
9	10	190.1852624003051
10	10	173.8981073916268
11	10	202.58110875316277
12	10	215.05970110717797
13	10	73.88836196267368
14	10	206.94181817440017
15	10	181.52017313820818
16	10	189.49784962375233
17	10	198.57365362548813
18	10	148.2777924563047
19	10	193.6227764169908
0	1	0.1987831750320187
1	1	0.25073355352285887
2	1	0.19303088059418505
3	1	0.15095097625226211
4	1	0.19126917986740782
5	1	0.19320815531295651
6	1	0.16387491531787288
7	1	0.2
8	1	0.1955107198305764
9	1	0.2
