0	10	199.54623088292786
1	10	198.84470986331954
2	10	294.3923471339629
3	10	228.042420847729
4	10	277.2561821310577
5	10	200.3713619901636
6	10	221.0681193946321
7	10	200.5949071520931
8	10	78.9378443115417
9	10	190.87344939610017
10	10	175.4085740667828
11	10	202.73087314022112
12	10	214.86380382788923
13	10	74.4869551995889
14	10	206.97272959809436
15	10	181.85450604030945
16	10	189.68088530308242
17	10	198.49689299844064
18	10	149.1840866582701
19	10	193.98947135955734
0	1	0.19871255721658623
1	1	0.2510367211767563
2	1	0.19314237872390333
3	1	0.14927932862316298
4	1	0.19124376179719857
5	1	0.193199929030204
6	1	0.1648238276559594
7	1	0.2
8	1	0.19550357097975052
9	1	0.2
