0	10	199.55254185398223
1	10	198.86310480866197
2	10	293.78118377373625
3	10	227.74354735659026
4	10	276.7611495313951
5	10	200.3674726354063
6	10	220.8793731424291
7	10	200.6345212332414
8	10	80.92041445788335
9	10	190.99214818967374
10	10	175.68441075442502
11	10	202.7565594808642
12	10	214.70437997949833
13	10	76.50849410562468
14	10	206.8970782440627
15	10	182.04118710090654
16	10	189.8325777133064
17	10	198.52067852891747
18	10	149.77540004155333
19	10	194.09679317233145
0	1	0.19860381776333008
1	1	0.25262256313433673
2	1	0.19299683631108855
3	1	0.14579436728428047
4	1	0.19102732487007854
5	1	0.19300468378751184
6	1	0.163520493771742
7	1	0.2
8	1	0.19524342411476578
9	1	0.2
