0	10	199.56210473500872
1	10	198.89418116741882
2	10	293.10006409194443
3	10	227.4093321666599
4	10	276.21689621111653
5	10	200.36383419818364
6	10	220.666166077657
7	10	200.693187104358
8	10	82.86229809273611
9	10	191.1644715715651
10	10	176.0809765645091
11	10	202.79105510583892
12	10	214.5492039772734
13	10	78.48132050917815
14	10	206.83508515814648
15	10	182.24065342669084
16	10	189.9815073567726
17	10	198.53460959584854
18	10	150.37602313534654
19	10	194.21770592364214
0	1	0.19852366295697063
1	1	0.25387029035268177
2	1	0.19286505293388417
3	1	0.14315697905207075
4	1	0.19085928507604039
5	1	0.19284987223614955
6	1	0.1624009268318512
7	1	0.2
8	1	0.1950265182293225
9	1	0.2
