0	10	199.86956459752108
1	10	199.70150988293227
2	10	242.35770593608024
3	10	212.0116654556135
4	10	234.55633838633787
5	10	200.17095548532353
6	10	209.5757437756916
7	10	200.26430753807816
8	10	170.06990527959047
9	10	195.64849630262486
10	10	187.97988514986912
11	10	201.37364083219182
12	10	205.35718416294628
13	10	171.70236019528033
14	10	202.1259697091658
15	10	192.7902197627283
16	10	196.43618556310898
17	10	199.624771624962
18	10	182.37887382179778
19	10	198.08281827107237
0	1	0.198615413300887
1	1	0.2468745280980204
2	1	0.1943998893144559
3	1	0.1479215833233209
4	1	0.19235494341609244
5	1	0.19377774236732076
6	1	0.17068861735541047
7	1	0.2
8	1	0.19567968805747332
9	1	0.2
