0	10	199.5735896866623
1	10	198.92836043846884
2	10	292.18846774542754
3	10	226.99221143121312
4	10	275.4781371813155
5	10	200.35937187915445
6	10	220.40047082996364
7	10	200.7502627502887
8	10	85.63491369870857
9	10	191.34744184577283
10	10	176.5087956502508
11	10	202.82262255049807
12	10	214.3379278954065
13	10	81.36701405178955
14	10	206.7383862203394
15	10	182.50235737030184
16	10	190.18193870714725
17	10	198.56327582404154
18	10	151.17887570466692
19	10	194.35579307426514
0	1	0.1984538985701581
1	1	0.2548333232515118
2	1	0.1927723141465168
3	1	0.1408691145141534
4	1	0.19073092191210667
5	1	0.19273010523256112
6	1	0.1616119841344655
7	1	0.2
8	1	0.19484934819834807
9	1	0.2
