0	10	199.51032712273263
1	10	198.68749855383194
2	10	295.9318027511177
3	10	229.05716893228808
4	10	278.3517684695526
5	10	200.38197049646334
6	10	221.72387455332114
7	10	200.237152093701
8	10	78.08836773281807
9	10	189.89749562905902
10	10	173.27449680358498
11	10	202.5188811647409
12	10	215.0970604938782
13	10	74.32108482179517
14	10	206.90006745528632
15	10	181.42673265670697
16	10	189.46422812517199
17	10	198.6184507735368
18	10	148.05256357155167
19	10	193.48598783209806
0	1	0.19881916564040125
1	1	0.250431289592611
2	1	0.19301565624149006
3	1	0.15187545238833822
4	1	0.19131237968084985
5	1	0.19323397766886566
6	1	0.16371828176352385
7	1	0.2
8	1	0.19552963256952066
9	1	0.2
