0	10	199.51949523287823
1	10	198.73033963221957
2	10	295.63421313481786
3	10	228.83093751543686
4	10	278.15712949662145
5	10	200.37982915041732
6	10	221.57708324622973
7	10	200.33510796001266
8	10	77.7648497968391
9	10	190.16297579282207
10	10	173.84824445509656
11	10	202.57643252659912
12	10	215.0708146258441
13	10	73.77743693056937
14	10	206.94385930120046
15	10	181.50393902839167
16	10	189.48703062772603
17	10	198.57437690265985
18	10	148.2314180123547
19	10	193.610136386296
0	1	0.19879735927861933
1	1	0.25056020766082676
2	1	0.19303953390049924
3	1	0.15138808788803076
4	1	0.19129183282598503
5	1	0.19322854578697396
6	1	0.16397112542805128
7	1	0.2
8	1	0.1955394708980867
9	1	0.2
