0	10	199.53589432568913
1	10	198.80877847866503
2	10	295.0613643125195
3	10	228.39492585386287
4	10	277.77948354950564
5	10	200.37501184667104
6	10	221.2972561027389
7	10	200.51553817289732
8	10	77.22458397141774
9	10	190.65292268090315
10	10	174.90676576780953
11	10	202.68445189684385
12	10	215.00943248413526
13	10	72.81555765125081
14	10	207.0166393040817
15	10	181.65412495133296
16	10	189.5379710217278
17	10	198.49280897567704
18	10	148.59672713687746
19	10	193.8554946686609
0	1	0.19875229843518888
1	1	0.25031469705902526
2	1	0.1932299213771006
3	1	0.15059001122455964
4	1	0.19134902338818774
5	1	0.19329121325793028
6	1	0.16558281990323767
7	1	0.2
8	1	0.19561080485320825
9	1	0.2
