0	10	199.56299343391134
1	10	198.89712757350807
2	10	293.0379896280757
3	10	227.37878996948777
4	10	276.1673236521106
5	10	200.36349555805361
6	10	220.64682287526088
7	10	200.69852669583807
8	10	83.03516029373516
9	10	191.18023926122305
10	10	176.11714603475633
11	10	202.79422990757453
12	10	214.53515731926484
13	10	78.65694900067386
14	10	206.82949237201106
15	10	182.25865799329048
16	10	189.9948702133492
17	10	198.53572150422826
18	10	150.43020276452685
19	10	194.22904101729728
0	1	0.19852366295697063
1	1	0.25387029035268177
2	1	0.19286505293388417
3	1	0.14315697905207075
4	1	0.19085928507604039
5	1	0.19284987223614955
6	1	0.1624009268318512
7	1	0.2
8	1	0.1950265182293225
9	1	0.2
