0	10	199.62076143292245
1	10	199.0336550374781
2	10	285.9722775370386
3	10	224.66681192733745
4	10	270.29462195329296
5	10	200.33543596553164
6	10	218.95883983318856
7	10	200.75536906229965
8	10	104.91869234325584
9	10	191.79065209471693
10	10	177.664653448145
11	10	202.7613689331657
12	10	212.8723628721461
13	10	102.35918001575676
14	10	205.89740430233243
15	10	184.0812551826774
16	10	191.43240942453548
17	10	198.87337441772942
18	10	156.30060360810035
19	10	195.0097776393182
0	1	0.19807117382126146
1	1	0.2593425321086101
2	1	0.19229607797710313
3	1	0.12848434730462394
4	1	0.1900878810986945
5	1	0.19216634631670187
6	1	0.1580842248907853
7	1	0.2
8	1	0.19396382295582737
9	1	0.2
