0	10	199.58558408135045
1	10	198.95457863104903
2	10	290.684479367064
3	10	226.37981043934587
4	10	274.2273610991506
5	10	200.35266639606021
6	10	220.02175310606302
7	10	200.7726533765505
8	10	90.75497881160824
9	10	191.48365328936075
10	10	176.8594808997464
11	10	202.82844265322203
12	10	213.96085203687008
13	10	86.85779975959936
14	10	206.52717536215036
15	10	182.9135668467228
16	10	190.5205530849469
17	10	198.64703502548454
18	10	152.51042632883454
19	10	194.53360972470045
0	1	0.1983157616325379
1	1	0.2565949591363482
2	1	0.19259421935023077
3	1	0.1363863142590915
4	1	0.1904858564823353
5	1	0.19251168615746778
6	1	0.16019145324530065
7	1	0.2
8	1	0.19451697419020347
9	1	0.2
