0	10	199.5047805313765
1	10	198.65959774627913
2	10	296.08748159979814
3	10	229.1954561002359
4	10	278.44483105681195
5	10	200.38345897116952
6	10	221.81207425386597
7	10	200.17199354554373
8	10	78.51133469784769
9	10	189.72178159951096
10	10	172.90014042695447
11	10	202.47949045312302
12	10	215.10571286702987
13	10	74.91130095116779
14	10	206.86568888974077
15	10	181.3875925019052
16	10	189.45867552426031
17	10	198.6519264214594
18	10	147.96618268247798
19	10	193.40150118999597
0	1	0.19881435849310194
1	1	0.25025765167694847
2	1	0.19307493316339347
3	1	0.151695368472519
4	1	0.1913597130058135
5	1	0.19325379992722405
6	1	0.1640669836964755
7	1	0.2
8	1	0.19550896367228268
9	1	0.2
