0	10	199.51451476060416
1	10	198.70952872037975
2	10	295.8528492802761
3	10	228.968395024347
4	10	278.3152894000788
5	10	200.38111404160935
6	10	221.66706529411562
7	10	200.28776774956415
8	10	77.56581705563411
9	10	190.03330804837768
10	10	173.5635430069391
11	10	202.54905793684932
12	10	215.10435274717804
13	10	73.65923050250123
14	10	206.93583997329318
15	10	181.44258923819774
16	10	189.4545435862079
17	10	198.58842375352273
18	10	148.06933481149616
19	10	193.54638609079356
0	1	0.19881941737365774
1	1	0.25030222770309474
2	1	0.1930486033273636
3	1	0.1520163248832404
4	1	0.19132767138804846
5	1	0.1932561198630837
6	1	0.16404772681759774
7	1	0.2
8	1	0.19557059503471258
9	1	0.2
