0	10	199.53149030284055
1	10	198.79145395793304
2	10	295.29480717383717
3	10	228.53067168917872
4	10	277.9554419477964
5	10	200.37640705779347
6	10	221.38533044478123
7	10	200.4766824492324
8	10	76.80950606948312
9	10	190.5468772382481
10	10	174.67043180363893
11	10	202.66156523898565
12	10	215.0539055019708
13	10	72.45184987601657
14	10	207.02114009522492
15	10	181.5859936836301
16	10	189.49487295585743
17	10	198.49943263000674
18	10	148.40577902367818
19	10	193.7965522173853
0	1	0.19875460462433003
1	1	0.2503047259554511
2	1	0.19322513062311764
3	1	0.1506438128100257
4	1	0.1913486281100267
5	1	0.19329137719970674
6	1	0.16554505323426352
7	1	0.2
8	1	0.19561212178277776
9	1	0.2
