0	10	199.56673626822348
1	10	198.90791321083603
2	10	292.7323173392426
3	10	227.23992612820797
4	10	275.91907151441967
5	10	200.3620282800892
6	10	220.55794218423733
7	10	200.71699242833668
8	10	83.99100723421735
9	10	191.2395338287353
10	10	176.25664044334164
11	10	202.80432287685662
12	10	214.46356686852462
13	10	79.65327457856382
14	10	206.79617140256914
15	10	182.3471260026692
16	10	190.06323963016018
17	10	198.5463618895897
18	10	150.70219812541302
19	10	194.27362332964202
0	1	0.19850444567501596
1	1	0.2541339486052972
2	1	0.1928408523364481
3	1	0.1425272185865421
4	1	0.1908245556602936
5	1	0.19281710253706785
6	1	0.16219102076232142
7	1	0.2
8	1	0.19497827720305427
9	1	0.2
