0	10	199.52123819293874
1	10	198.73679454172424
2	10	295.5330106169941
3	10	228.77509399011305
4	10	278.0794604068323
5	10	200.37926953412165
6	10	221.54075386708317
7	10	200.34960204801203
8	10	77.98423997852618
9	10	190.20323958427787
10	10	173.93832382497826
11	10	202.5848379282449
12	10	215.0505037846922
13	10	73.98254407423526
14	10	206.940004589074
15	10	181.53357149765836
16	10	189.50686989468224
17	10	198.5732094750805
18	10	148.31626160879122
19	10	193.63277522917883
0	1	0.1987831750320187
1	1	0.25073355352285887
2	1	0.19303088059418505
3	1	0.15095097625226211
4	1	0.19126917986740782
5	1	0.19320815531295651
6	1	0.16387491531787288
7	1	0.2
8	1	0.1955107198305764
9	1	0.2
