0	10	199.52729735191465
1	10	198.76987680887157
2	10	295.457994158672
3	10	228.66152742747622
4	10	278.0623836012588
5	10	200.37822581421315
6	10	221.4667940289588
7	10	200.42589850938336
8	10	76.99148249803243
9	10	190.4084570409593
10	10	174.37381868856798
11	10	202.62972750929552
12	10	215.07618540230226
13	10	72.76929253562365
14	10	207.00332602991688
15	10	181.54299826165584
16	10	189.4783363379358
17	10	198.5230928145189
18	10	148.29269661680217
19	10	193.71810055794285
0	1	0.1988030937885062
1	1	0.25005804251681946
2	1	0.19316795094651434
3	1	0.15183601797925142
4	1	0.1913804473208887
5	1	0.19330466487848838
6	1	0.16507059797637924
7	1	0.2
8	1	0.19562581104181231
9	1	0.2
