0	10	199.5841310174141
1	10	198.96151319446042
2	10	291.4035352747251
3	10	226.6304021597996
4	10	274.84354758411183
5	10	200.3553997685394
6	10	220.1733455156403
7	10	200.80031932332147
8	10	87.88481285758407
9	10	191.5097647780104
10	10	176.88359196702612
11	10	202.85094467256897
12	10	214.15953693555014
13	10	83.7101946726997
14	10	206.6578287625735
15	10	182.7229905939792
16	10	190.348217211433
17	10	198.58308754207076
18	10	151.85464557352918
19	10	194.4826263155902
0	1	0.1983159567644711
1	1	0.2565898680839767
2	1	0.19259470919945845
3	1	0.13638691723646454
4	1	0.19048635694089006
5	1	0.19251210274949004
6	1	0.16019335723033526
7	1	0.2
8	1	0.19451756445916968
9	1	0.2
