0	10	199.52340658003754
1	10	198.7444561304282
2	10	295.3975488068391
3	10	228.7030099836236
4	10	277.97401464368727
5	10	200.37854302733427
6	10	221.49389223430413
7	10	200.36657474219905
8	10	78.31767864145081
9	10	190.25071637111134
10	10	174.0455482874631
11	10	202.59464625256706
12	10	215.02195305698783
13	10	74.30433832678506
14	10	206.93251427133825
15	10	181.57356738420958
16	10	189.53481027966646
17	10	198.57341463289214
18	10	148.43229667793582
19	10	193.66055211612635
0	1	0.19878492688286276
1	1	0.25069462691340977
2	1	0.19303751388435664
3	1	0.1510178024827818
4	1	0.1912755855934633
5	1	0.19321361145063026
6	1	0.16393563839866845
7	1	0.2
8	1	0.1955173736890032
9	1	0.2
