0	10	199.55151793514645
1	10	198.85956256072203
2	10	293.8488365363267
3	10	227.77835062018912
4	10	276.81451100086963
5	10	200.36785598819856
6	10	220.90162679221368
7	10	200.62742759230687
8	10	80.74324686947976
9	10	190.97197219141424
10	10	175.63852584636766
11	10	202.75231925175189
12	10	214.71937018065864
13	10	76.33251871881208
14	10	206.90223886255367
15	10	182.02128209944044
16	10	189.8181633587326
17	10	198.52007317680125
18	10	149.71628779564523
19	10	194.08334221860918
0	1	0.19860381776333008
1	1	0.25262256313433673
2	1	0.19299683631108855
3	1	0.14579436728428047
4	1	0.19102732487007854
5	1	0.19300468378751184
6	1	0.163520493771742
7	1	0.2
8	1	0.19524342411476578
9	1	0.2
