0	10	199.5542745952598
1	10	198.86901794898924
2	10	293.6641215653786
3	10	227.68399463288188
4	10	276.66850076090657
5	10	200.36681833115853
6	10	220.84130432449714
7	10	200.64624377119725
8	10	81.23394626955557
9	10	191.02569011441068
10	10	175.76098706297324
11	10	202.76354285329225
12	10	214.67823666132665
13	10	76.82161308014861
14	10	206.887709148248
15	10	182.07560954332342
16	10	189.857691342677
17	10	198.52208278681758
18	10	149.8778843117575
19	10	194.11945387741594
0	1	0.19860381776333008
1	1	0.25262256313433673
2	1	0.19299683631108855
3	1	0.14579436728428047
4	1	0.19102732487007854
5	1	0.19300468378751184
6	1	0.163520493771742
7	1	0.2
8	1	0.19524342411476578
9	1	0.2
