0	10	199.5247160623992
1	10	198.75029888997034
2	10	295.34681399983504
3	10	228.6681915568945
4	10	277.93885969850743
5	10	200.37819838182978
6	10	221.4712199570969
7	10	200.37996250973848
8	10	78.32052340607336
9	10	190.28720648511646
10	10	174.12500178885008
11	10	202.6025025860426
12	10	215.01545312624918
13	10	74.28043213204168
14	10	206.93666588231392
15	10	181.5873582768541
16	10	189.54085067683374
17	10	198.56824208550978
18	10	148.4672277796472
19	10	193.6783877276605
0	1	0.19878492688286276
1	1	0.25069462691340977
2	1	0.19303751388435664
3	1	0.1510178024827818
4	1	0.1912755855934633
5	1	0.19321361145063026
6	1	0.16393563839866845
7	1	0.2
8	1	0.1955173736890032
9	1	0.2
