0	10	199.53536417890152
1	10	198.80113654337512
2	10	294.9765809604076
3	10	228.38601877860478
4	10	277.69594501376747
5	10	200.37516720553955
6	10	221.28885436914288
7	10	200.49838774749915
8	10	77.94994760487909
9	10	190.60861110806886
10	10	174.81990918081817
11	10	202.67298937911926
12	10	214.97708507406492
13	10	73.6355420635531
14	10	206.98548937708733
15	10	181.6849833861536
16	10	189.57332846314776
17	10	198.5145757567592
18	10	148.7040791179011
19	10	193.83618059330277
0	1	0.19877740949827563
1	1	0.25029030205480923
2	1	0.19316746576471328
3	1	0.1511628552230894
4	1	0.1913410693373828
5	1	0.19328236569590151
6	1	0.16508257851329133
7	1	0.2
8	1	0.19561022842389753
9	1	0.2
