0	10	199.54783599065502
1	10	198.85046397596597
2	10	294.2925512226896
3	10	227.9889780918786
4	10	277.17868792853426
5	10	200.37079423571106
6	10	221.03345466800596
7	10	200.60746173182744
8	10	79.17437148267645
9	10	190.90856239705317
10	10	175.4880057541822
11	10	202.73824426376927
12	10	214.84266832698216
13	10	74.71472233851719
14	10	206.96705688929623
15	10	181.884020149028
16	10	189.7014298749534
17	10	198.4967376730455
18	10	149.27016833889846
19	10	194.01048144224444
0	1	0.19871255721658623
1	1	0.2510367211767563
2	1	0.19314237872390333
3	1	0.14927932862316298
4	1	0.19124376179719857
5	1	0.193199929030204
6	1	0.1648238276559594
7	1	0.2
8	1	0.19550357097975052
9	1	0.2
