0	10	199.51081552185983
1	10	198.68891686121628
2	10	295.89344141436425
3	10	229.0387145823436
4	10	278.3208188504699
5	10	200.38178320236898
6	10	221.71186254249244
7	10	200.2402011820825
8	10	78.21320283299589
9	10	189.90630991901446
10	10	173.29511187926772
11	10	202.5205970944438
12	10	215.08794383075508
13	10	74.4479418008298
14	10	206.89626197265173
15	10	181.43833309884434
16	10	189.47321191701315
17	10	198.61983231266956
18	10	148.0873922160951
19	10	193.4919661906204
0	1	0.19882918376775852
1	1	0.25007754121111625
2	1	0.1930857798705935
3	1	0.15227770961595208
4	1	0.1913738518011109
5	1	0.1932816812845157
6	1	0.16429256629604236
7	1	0.2
8	1	0.19557661873659443
9	1	0.2
