0	10	199.52548533250024
1	10	198.75552468419474
2	10	295.36262306752144
3	10	228.66056001405727
4	10	277.9601135970443
5	10	200.37813969909965
6	10	221.46611909997569
7	10	200.3925079814191
8	10	78.02940836664648
9	10	190.3203024887587
10	10	174.19364366322262
11	10	202.60996735757357
12	10	215.02748883900745
13	10	73.94442674910763
14	10	206.95193273869026
15	10	181.58025628693377
16	10	189.5284406594044
17	10	198.55737275028983
18	10	148.4360516007179
19	10	193.69039864992104
0	1	0.1987887287026473
1	1	0.2505337368770672
2	1	0.1930745491699923
3	1	0.15121532619523018
4	1	0.19130400041067147
5	1	0.19323746157615565
6	1	0.16425765892247976
7	1	0.2
8	1	0.19554527691923007
9	1	0.2
