0	10	199.57980099757276
1	10	198.94824521810594
2	10	291.73421632743134
3	10	226.77914008775662
4	10	275.11238700009676
5	10	200.35700583478183
6	10	220.26600655431588
7	10	200.7820877573105
8	10	86.9071223001193
9	10	191.4483052687698
10	10	176.74125630141782
11	10	202.84082691309288
12	10	214.23535978315735
13	10	82.68158111926128
14	10	206.69397792096498
15	10	182.630828749515
16	10	190.27774352653321
17	10	198.57334042274854
18	10	151.5700048337072
19	10	194.43166651888902
0	1	0.19834796858398027
1	1	0.2561278158422846
2	1	0.19265041788093212
3	1	0.1374651565989631
4	1	0.19055091869835558
5	1	0.19257034351455582
6	1	0.16063253800495084
7	1	0.2
8	1	0.19460677759379144
9	1	0.2
