0	10	199.50706333208873
1	10	198.675075724596
2	10	296.1046266619482
3	10	229.15541009514732
4	10	278.48242056796636
5	10	200.3828841588267
6	10	221.78840559674822
7	10	200.20889403349807
8	10	77.77108370208647
9	10	189.81916975070797
10	10	173.1007494806448
11	10	202.50274544396683
12	10	215.12913058947413
13	10	74.0381129376135
14	10	206.90280526373456
15	10	181.37652647939655
16	10	189.4325776705915
17	10	198.62273000137296
18	10	147.91215068938783
19	10	193.4455258769564
0	1	0.19881859976650404
1	1	0.2503013840977327
2	1	0.19305462155732003
3	1	0.15190295443633867
4	1	0.19134091750907378
5	1	0.19325261577024092
6	1	0.16401584110916945
7	1	0.2
8	1	0.19553874248949676
9	1	0.2
