0	10	199.52925076172363
1	10	198.7779302699065
2	10	295.3684377291941
3	10	228.6062689393335
4	10	277.99727388549627
5	10	200.37770300466084
6	10	221.4304774480435
7	10	200.44451449677268
8	10	77.08632694426393
9	10	190.4595995171009
10	10	174.48639354840174
11	10	202.64043401780455
12	10	215.06192753330285
13	10	72.83403365039841
14	10	207.0057602591047
15	10	181.56833032945036
16	10	189.492266310235
17	10	198.5178616247797
18	10	148.36091949542117
19	10	193.74322876562243
0	1	0.1987965949055853
1	1	0.2501422485635278
2	1	0.19316351171899493
3	1	0.15163662560998717
4	1	0.19136988235525587
5	1	0.19329469835676172
6	1	0.16502077983205632
7	1	0.2
8	1	0.19561192382337647
9	1	0.2
