0	10	199.50446826126066
1	10	198.65776452769202
2	10	296.0845546033507
3	10	229.19883713014258
4	10	278.43978420482364
5	10	200.38346896112662
6	10	221.8143437577147
7	10	200.16773625682978
8	10	78.5962290004214
9	10	189.71054896784096
10	10	172.87680003787253
11	10	202.476986557529
12	10	215.10223330143685
13	10	75.00982222905381
14	10	206.8609733087096
15	10	181.389141745531
16	10	189.4620856859448
17	10	198.65523550796746
18	10	147.97410415531522
19	10	193.39774225338732
0	1	0.19881435849310194
1	1	0.25025765167694847
2	1	0.19307493316339347
3	1	0.151695368472519
4	1	0.1913597130058135
5	1	0.19325379992722405
6	1	0.1640669836964755
7	1	0.2
8	1	0.19550896367228268
9	1	0.2
