0	10	199.5417037853347
1	10	198.82925488088142
2	10	294.6949048622214
3	10	228.19944402896851
4	10	277.49413541902544
5	10	200.37300497791753
6	10	221.16993785161029
7	10	200.56129362645677
8	10	78.13334275903007
9	10	190.77946185776443
10	10	175.1936541435392
11	10	202.71119056150508
12	10	214.9307244125338
13	10	73.69456195877345
14	10	206.9945710653206
15	10	181.76397830381632
16	10	189.61544152665275
17	10	198.4936860850229
18	10	148.91732187131663
19	10	193.9307142323106
0	1	0.1987421004148467
1	1	0.25039371890007267
2	1	0.19323729907826806
3	1	0.1503052775483222
4	1	0.19134173508760596
5	1	0.19328375980457738
6	1	0.1656283461222301
7	1	0.2
8	1	0.1955975451076279
9	1	0.2
