0	10	199.53940080620177
1	10	198.8160534916346
2	10	294.78684116073543
3	10	228.28161160712682
4	10	277.55250082852143
5	10	200.37441045646554
6	10	221.21897312539102
7	10	200.53034418603278
8	10	78.29725204924716
9	10	190.69623587900173
10	10	175.01751837990042
11	10	202.69045085753694
12	10	214.94574772977714
13	10	73.95286539115956
14	10	206.98489203838528
15	10	181.73949654785582
16	10	189.60569767272747
17	10	198.50946507496434
18	10	148.84867784359733
19	10	193.8761801129725
0	1	0.19876593340259388
1	1	0.2503950027034345
2	1	0.19317210012890215
3	1	0.1507970647203504
4	1	0.19133364835138233
5	1	0.1932701186377961
6	1	0.16507582282997615
7	1	0.2
8	1	0.19558296748172252
9	1	0.2
