0	10	199.52459732850934
1	10	198.75164954962617
2	10	295.401822955309
3	10	228.6860575192556
4	10	277.98806998060996
5	10	200.37839915727156
6	10	221.48271127874844
7	10	200.3835078980261
8	10	78.00481792786115
9	10	190.29568731141632
10	10	174.13974242390987
11	10	202.60468546412056
12	10	215.03341315474808
13	10	73.93658006430198
14	10	206.9500898056836
15	10	181.56937889508362
16	10	189.5229213537034
17	10	198.5604127805027
18	10	148.40726207433823
19	10	193.6778190446096
0	1	0.19878720889494858
1	1	0.25064306088887367
2	1	0.1930461618492979
3	1	0.151103386656363
4	1	0.1912839207965076
5	1	0.19322073264227246
6	1	0.16401371544753146
7	1	0.2
8	1	0.19552603672875146
9	1	0.2
