0	10	199.5261666417429
1	10	198.76644811684733
2	10	295.54167858340537
3	10	228.70305293583883
4	10	278.1293496186306
5	10	200.37864278787052
6	10	221.49387807780113
7	10	200.41822634042745
8	10	76.72855341496455
9	10	190.38707710490058
10	10	174.324094649074
11	10	202.6252996644925
12	10	215.0959097156657
13	10	72.50425764636141
14	10	207.01114314722767
15	10	181.5173113693032
16	10	189.4586546968909
17	10	198.5205510227203
18	10	148.21585248505266
19	10	193.70419799547034
0	1	0.1988030937885062
1	1	0.25005804251681946
2	1	0.19316795094651434
3	1	0.15183601797925142
4	1	0.1913804473208887
5	1	0.19330466487848838
6	1	0.16507059797637924
7	1	0.2
8	1	0.19562581104181231
9	1	0.2
