0	10	199.5148977498823
1	10	198.70355135208004
2	10	295.6405558502502
3	10	228.90282154600033
4	10	278.12480481233905
5	10	200.38042247546045
6	10	221.62330126866294
7	10	200.2731374602355
8	10	78.80809206947617
9	10	189.99892205402767
10	10	173.50332389437273
11	10	202.53950687431714
12	10	215.03553524633708
13	10	75.01532399865194
14	10	206.88395546729816
15	10	181.51254740947647
16	10	189.52423493928174
17	10	198.61924988008923
18	10	148.30184035615304
19	10	193.54490878822725
0	1	0.19882273868804567
1	1	0.25058933651899007
2	1	0.1929604132332277
3	1	0.15193230224973783
4	1	0.19127540166551604
5	1	0.19321121441630468
6	1	0.16331268343881486
7	1	0.2
8	1	0.19552041320627458
9	1	0.2
