0	10	199.52961100780334
1	10	198.78318969933497
2	10	295.3710781609505
3	10	228.58142589102195
4	10	278.00893569319686
5	10	200.37690205652459
6	10	221.4184937460709
7	10	200.4576813893301
8	10	76.78584204899269
9	10	190.49495242664491
10	10	174.55685971514134
11	10	202.65053196927002
12	10	215.0641422281084
13	10	72.46460460112799
14	10	207.01589960939987
15	10	181.56518008947737
16	10	189.4852543069743
17	10	198.50639356092842
18	10	148.35243478249959
19	10	193.77126229904135
0	1	0.19877441834414653
1	1	0.2502811071066039
2	1	0.19317981949704635
3	1	0.15111378598177597
4	1	0.19134549853303895
5	1	0.19328575635999404
6	1	0.16518301297805396
7	1	0.2
8	1	0.19561175901065214
9	1	0.2
