0	1.0
1	0.9266483853911082
16	0.5105686419258572
31	0.35342349989798655
46	0.22881169073488322
61	0.16431251671177213
76	0.11916415109668639
91	0.08165268460368018
106	0.05326600090779199
121	0.0336259698466143
136	0.022007324703060924
151	0.016227569601987412
166	0.01262787757293434
181	0.010617256210549502
196	0.009303258353375608
211	0.008473693063932336
226	0.007642475505321139
241	0.007159311227429239
256	0.006902586567557361
271	0.006605786599033605
286	0.006385439907603863
301	0.006241060184850795
316	0.006102488745612387
331	0.005941762210432984
346	0.005785854255444861
361	0.005675920023679567
376	0.005584702026848702
391	0.005509753686721346
