0	1.0
1	0.9927903200137755
11	0.8281465058967635
21	0.6810532709915658
31	0.5548917358716678
41	0.446535649510756
51	0.36867784135826104
61	0.28966376826545237
71	0.20025903639316228
81	0.12428063689750185
91	0.062064985470199216
101	0.02176481821715027
111	0.016845721156961015
121	0.013446360656425413
131	0.011246955416182524
141	0.010844024966830559
151	0.012588779518061031
161	0.00975854389128932
171	0.006170678314864774
181	0.005668010598556586
191	0.005179856383430858
201	0.005012239604653998
211	0.004900852333464607
221	0.004517527483346415
231	0.003921247403844272
241	0.003309956927343652
251	0.0033414952611290237
261	0.0028667832301615087
271	0.0027002469434570277
281	0.002615886970243976
291	0.0021128963834861126
301	0.0022437417689958137
311	0.0023265901258170685
321	0.0021130674722593464
331	0.0017735106674173816
341	0.002349425194243731
351	0.0017054197184910196
361	0.0016570561382908682
371	0.0016612101838056814
381	0.0020736039321414042
391	0.0020541711675811686
