0	1.0
1	0.988090150643346
2	0.9678943245397144
3	0.9543594708473684
4	0.9430773995455581
5	0.9256115829996167
6	0.9159671759662491
7	0.9010754059442099
8	0.8798263464144032
9	0.8642406810616976
10	0.844810138968351
11	0.834896367411009
12	0.8259649104498133
13	0.811398067285804
14	0.8017036573380315
15	0.7932497460796459
16	0.7774189753963286
17	0.7566553582928172
18	0.7476986772913278
19	0.7361719969029638
20	0.7226153130935418
21	0.7089979191863863
22	0.7026377220754333
23	0.6933724874319437
24	0.6758245406334502
25	0.6623405094043684
26	0.6465067791552481
27	0.6396058178683643
28	0.6303847835028427
29	0.6216885753473189
30	0.6059298939792085
31	0.5999128470204061
32	0.5797043267557256
33	0.5659164267444
34	0.560290760798496
35	0.5455583615488019
36	0.5365787633255268
37	0.5230112985840126
38	0.5155141323249481
39	0.5027649778591655
40	0.49688993054641417
41	0.49001258857036956
42	0.4841175610051497
43	0.4641649675200948
44	0.4576227664511946
45	0.4436967158028627
46	0.43348487412636505
47	0.41819279260759423
48	0.3991193226517758
49	0.39049042064557365
50	0.38475358480869243
51	0.37552927933228236
52	0.35777410118162156
53	0.34153576997533347
54	0.3331956670108836
55	0.3133370580820221
56	0.29667890235734073
57	0.2909290885863521
58	0.2831159397008338
59	0.2669784514200013
60	0.24784468225963982
61	0.22741822096031675
62	0.21777620523169489
63	0.21006290205445577
64	0.2039030980367669
65	0.19862744983844216
66	0.19347826777426225
67	0.18006932875689044
68	0.17333451598583663
69	0.16673791431086565
70	0.1560867500027208
71	0.14991681998809234
72	0.14455045035297626
73	0.132214756467556
74	0.12223449022495413
75	0.11636241378738264
76	0.09797589037217284
77	0.0879364195419568
78	0.07557331318244191
79	0.06949501293923914
80	0.0532526339045524
81	0.04972801106491917
82	0.03848157378854464
83	0.027094144791353553
84	0.020110407419429606
85	0.015813124090000963
86	0.010626197479709316
87	0.004844881841367873
88	0.003538993879640516
89	0.00281452667472587
90	0.0017088422931395583
91	0.0013504356658118144
92	0.0009304679353206865
93	0.0011158380998250264
94	0.0007808439269240547
95	0.0004438512852665506
96	0.0004997972678207554
97	0.00043024510467743816
98	0.00045482505798238925
99	0.0004288877703597174
100	0.0004549044940409533
101	0.0004379560645432174
102	0.00043500405770677166
103	0.00042961073571650267
104	0.0004324931500227301
105	0.000429840741519006
106	0.00045722399823451527
107	0.00043902514791778566
108	0.0004687585948663395
109	0.0004282316766116718
110	0.00042875337946784883
111	0.0005024247643220338
112	0.0005401976464006564
113	0.00046240117206778405
114	0.0005857254081816862
115	0.0006346110702035472
116	0.00045686030197092983
117	0.000429977228382013
118	0.00046148412543352556
119	0.00043298045584024084
120	0.00042781320548663387
121	0.0004356732297828058
122	0.0005671719550184897
123	0.0006538874223336814
124	0.00045287553012257907
125	0.0004464643657486446
126	0.00043059398652750514
127	0.0004407473455989483
128	0.00047506138032636023
129	0.00043423047308360915
130	0.0004576251552322586
131	0.0004495064705983496
132	0.000434448453116753
133	0.00043575150843670307
134	0.00042770056980174327
135	0.00048152974938586897
136	0.00042717242782923056
137	0.0004782725039633326
138	0.0006219653789749955
139	0.0005348047767179218
140	0.0004625040071156791
141	0.0005084101638351747
142	0.0004969596614579679
143	0.0004679748972691632
144	0.00042699963293400833
145	0.00048651048246377114
146	0.0005606671497651227
147	0.0005316983214958021
148	0.0004450354871153129
149	0.0004833619206097608
150	0.000435384537955423
151	0.00042886871287326454
152	0.0005171663902342959
153	0.0004262042323707496
154	0.0004291507864270022
155	0.00043728577405518403
156	0.0005168234357043684
157	0.00043302891885642103
158	0.0004558397923405176
159	0.0004261681480958445
160	0.0004356526392577516
161	0.00044907000788303644
162	0.0004425965724814166
163	0.00045216037488189566
164	0.00043293131774726644
165	0.000429381243391308
166	0.0004270987220564764
167	0.0004303278805202207
168	0.000532676964555552
169	0.0004830698495089423
170	0.0004867770722948151
171	0.00042521927176114273
172	0.0005337594205032834
173	0.0005285290516740696
174	0.0005231988568646604
175	0.0006497955973484331
176	0.0005268982990501874
177	0.0005692869030720594
178	0.0004933449649053431
179	0.00042478861469432485
180	0.00045165295921253826
181	0.00046654169859004736
182	0.0004660707645664234
183	0.00042690271004594056
184	0.0004819562311149932
185	0.0006080162391456151
186	0.00045035859207294356
187	0.00042531108687517496
188	0.00043858855759652414
189	0.0004419168767349061
190	0.00044732327358841214
191	0.00048119053535989985
192	0.0004256202284607782
193	0.0004539416728169396
194	0.0004308092755453881
195	0.0004940092848725402
196	0.0004901426399555834
197	0.0004241376247729043
198	0.0004938819410509629
199	0.00042358718304997265
200	0.0005291215604711041
201	0.0004264892675878096
202	0.0004663119272923942
203	0.0004267402019931588
204	0.00042662759801649934
205	0.00047776836617561863
206	0.0004799836635133798
207	0.0005274120553572337
208	0.00042456003108121056
209	0.0004808622703295526
210	0.0004248886244271058
211	0.0004417283160326037
212	0.00043975217828002856
213	0.00042320290912962837
214	0.0004752480747242839
215	0.0005606296861810747
216	0.000423261052801379
217	0.0005334008746131955
218	0.0004237164942667827
219	0.00042215500581183665
220	0.0004492125634299646
221	0.00043661218035310795
222	0.00045662409167929023
223	0.000461086324939268
224	0.0004799372644883525
225	0.0005690417401787063
226	0.0005462583839612409
227	0.0004618456927378554
228	0.0004886636308461556
229	0.0004287811449906249
230	0.0004824601947406571
231	0.00042383196684471925
232	0.0004440143281481686
233	0.0004444730300082939
234	0.00042909605818814306
235	0.0005473736617428219
236	0.0004876200028445533
237	0.0004943903061424473
238	0.00054464950978885
239	0.0005927833855778199
240	0.0004296154075167279
241	0.00042875035976874793
242	0.00047113140945155075
243	0.00045952864573566417
244	0.00045331372372030683
245	0.00042113166508037217
246	0.0004731661442041278
247	0.00043330490070911913
248	0.0004305744013609838
249	0.000425917681429994
250	0.0004498602870054476
251	0.00042496063154784776
252	0.0004509044842163972
253	0.0005370432436522462
254	0.00042391274547355927
255	0.00042041997070320965
256	0.0004373443892295942
257	0.0004451313629444134
258	0.00044812900990759657
259	0.0004549306427012933
260	0.0005360089550572244
261	0.00048252811982240213
262	0.000618607933099318
263	0.0005201068649830321
264	0.00042191303672931154
265	0.00043662559510567134
266	0.00045833827646399815
267	0.0004300663346594963
268	0.00042123266370211666
269	0.0004736114200023903
270	0.0005515252765500028
271	0.00042620789524242306
272	0.00045164656805474055
273	0.00042869151545602355
274	0.00043923192803933624
275	0.00047498851454395635
276	0.0005296194806521745
277	0.00044045106339968526
278	0.00042486207763269484
279	0.000427609759152562
280	0.0004378434694165168
281	0.00042087524516336836
282	0.0004218369347663428
283	0.000423540485726294
284	0.00041877460448205383
285	0.00044660947330259714
286	0.00041989347365280417
287	0.0004226518848577928
288	0.0004198478942904516
289	0.00041883799284025004
290	0.00043268147914920146
291	0.0004470258569334793
292	0.0004305509795330099
293	0.0004201285333986054
294	0.0005001857942360336
295	0.0006139284317232431
296	0.0005810950827048784
297	0.0005011459810642965
298	0.0004205064347303895
299	0.000418642241339223
300	0.0005016552316712104
301	0.00042498963025383124
302	0.00043866239529646075
303	0.0004758609347839488
304	0.00043035609580787965
305	0.0004671595249155268
306	0.0005797717773128998
307	0.0004210508416497584
308	0.0004646083826322089
309	0.0004181629509057539
310	0.0004238860390703758
311	0.0004568317276092723
312	0.000454844937763247
313	0.0005531518931752071
314	0.0006550839623033092
315	0.00043726997917083714
316	0.0004180981899626525
317	0.000438464026269846
318	0.00047984764360962576
319	0.0004990814502076013
320	0.0004182176951792966
321	0.00042324066652125834
322	0.0004642623226970686
323	0.0004868353493819969
324	0.00041880104771435537
325	0.0004239051709876998
326	0.0004316440589453097
328	0.0004333724409039844
329	0.00042318362536075866
330	0.0004192113735300791
331	0.0004163911517576021
332	0.0004619941757584644
333	0.00044954302172793776
334	0.00041850333353437734
335	0.0004348609780968697
336	0.0004490030169671046
337	0.0004198083337685161
338	0.0004987505920288065
339	0.0005600721262043362
340	0.0005914645335348694
341	0.0004636128217956797
342	0.00044934135176587795
343	0.0005673696726540062
344	0.0005604437642097586
345	0.00046177081283755336
346	0.000513630269336534
347	0.00044650700569859645
348	0.0004302963635338191
349	0.0004189002550109902
350	0.0004196117435837039
351	0.0004893351193039503
352	0.00042694338471572905
353	0.000438821795347462
354	0.0004668395945350213
355	0.00041543960332103227
356	0.00046867057281198363
357	0.00045288410919644824
358	0.00041494602502218487
359	0.00045807379412135784
360	0.000593866401533695
361	0.0005951013417786914
362	0.000433737702866462
363	0.00041887801021865315
364	0.0004161983703553627
365	0.00048251136832927764
366	0.0006215986409650759
367	0.0008038502007234393
368	0.0007921460085763308
369	0.0006276191110154763
370	0.0004423698932463261
371	0.0004643581922132277
372	0.00048021996029541496
373	0.00043542868226037126
374	0.0004161170186234117
375	0.0004240117130408031
376	0.00045741246397939915
377	0.00041431588210335673
378	0.00041363270851134154
379	0.00041757702522529
380	0.00042601344255080616
381	0.00041438274981851
382	0.0004334386256914694
383	0.0005436998299321428
384	0.00041798237090250555
385	0.00044328554357640835
386	0.00041393652914410023
387	0.0004148332222220373
388	0.0005098000196421946
389	0.0004536529374274298
390	0.00046450742611516753
391	0.0004921531246947872
392	0.0005511017343206342
393	0.0005704857972071659
394	0.0004291906336175383
395	0.0004325690280060388
396	0.0004967602254469639
397	0.00042500808157555414
398	0.00042399692650226
399	0.00043235889240171555
400	0.0004912512573103805

