0	1.0
1	0.9829690588851043
2	0.9425711020738389
3	0.9324744732568105
4	0.9156379071391042
5	0.897993834275973
6	0.8892157620707082
7	0.881759716348118
8	0.8611213907002923
9	0.8490788549588918
10	0.8086659937561609
11	0.7814730908657783
12	0.7466846673345118
13	0.7220921984393346
14	0.7135627584173222
15	0.6995926625212245
16	0.670857508079065
17	0.6600459483118208
18	0.6402564647685756
19	0.6081139762618522
20	0.5993167998310779
21	0.5847639791669295
22	0.5802095670243521
23	0.5537151596437647
24	0.5306922514776264
25	0.5156914085836376
26	0.504627185991279
27	0.5009361890496964
28	0.490130144519516
29	0.4844165331154393
30	0.4652928422846781
31	0.44223259117798114
32	0.4230294780467662
33	0.4210088277826375
34	0.40424221068580396
35	0.3858099419922029
36	0.3818336797598819
37	0.37544203679611365
38	0.3685832774084448
39	0.36275238439064883
40	0.35739446429578375
41	0.3420056576484989
42	0.3378160339345997
43	0.3359373371876568
44	0.3244101081840204
45	0.31640915589973917
46	0.3070187545396061
47	0.29067583937539104
48	0.27858604985852176
49	0.27308788420807006
50	0.2663949154151588
51	0.2635031584167949
52	0.2619813578644615
53	0.2593550369695026
54	0.25667702120874186
55	0.24763186979571455
56	0.24212052567236453
57	0.23558007294892733
58	0.23133067973565777
59	0.22092518829343108
60	0.2135361048872855
61	0.20768494358831482
62	0.19904703833521817
63	0.19020201505632614
64	0.17884946673306132
65	0.17786436852811086
66	0.1728788348174387
67	0.16812608212677257
68	0.16483184081358002
69	0.16352318337555594
70	0.15932396647672215
71	0.1570926427972464
72	0.1509264963105976
73	0.1431814329749445
74	0.14207467054898015
75	0.13913716362273296
76	0.13341987424823612
77	0.1311974202675848
78	0.13027502543770197
79	0.12805700469719236
80	0.12017397406042134
81	0.11343267918697494
82	0.11232073197365948
83	0.10577113884732789
84	0.10058797821374878
85	0.09391112633669765
86	0.08808039560714918
87	0.08591486681885824
88	0.08333557709037911
89	0.07912370184356474
90	0.07374968586714689
91	0.06900110562616822
92	0.0643648228572894
93	0.06005840758829189
94	0.05943285260184075
95	0.05691589942684894
96	0.05300320006588127
97	0.05217516289226964
98	0.050707036597920294
99	0.04780037469955179
100	0.04732369055850121
101	0.044898908077287414
102	0.04438927051683261
103	0.04276357092661111
104	0.04022461614584421
105	0.038196053971865096
106	0.035984489635213515
107	0.03524655494158737
108	0.033832080880063516
109	0.03348851064503655
110	0.03141666686265207
111	0.030659028814357905
112	0.029505576423042662
113	0.028416819951129556
114	0.026521973572695867
115	0.02486476006045331
116	0.02380109577597075
117	0.0223293903855412
118	0.020907594502966507
119	0.01998432329062953
120	0.019166356074047666
121	0.018082373226743935
122	0.017163938793096214
123	0.01631063376078959
124	0.01577182671066043
125	0.01520695687665142
126	0.014456185468002307
127	0.013763987130709908
128	0.013541837810516991
129	0.012863335661985201
130	0.012239983653275176
131	0.011669403608195343
132	0.011178164597240867
133	0.010913832601110438
134	0.010424013598196058
135	0.010145000823169058
136	0.009855422710503521
137	0.00948572820575073
138	0.009289470123889157
139	0.009024265416109279
140	0.008652230530540327
141	0.008343020306995038
142	0.008216901797153963
143	0.007955019575725265
144	0.007679048397710548
145	0.00742338899959993
146	0.007193949902031189
147	0.006952507754942039
148	0.006765578995169655
149	0.006629615164935463
150	0.0064131164709488155
151	0.006235446160268666
152	0.006054428576919446
153	0.005851077910633989
154	0.005694536248973588
155	0.00560450416795229
156	0.005480696003862435
157	0.005305671654998099
158	0.005152197208030744
159	0.005012224116339401
160	0.0048889238327259315
161	0.004786833344162228
162	0.004710054199848644
163	0.004581623620797294
164	0.004525240227205875
165	0.00450794596406994
166	0.004409784154899565
167	0.004316319528004711
168	0.004219867607924963
169	0.004133864378040186
170	0.004029581959632945
171	0.004025324044577824
172	0.003941122047152382
173	0.003853122773860003
174	0.003867602376124345
175	0.0037836034955024537
176	0.0037099686169687583
177	0.0036897505013697043
178	0.003617199859343704
179	0.0035481883761810276
180	0.003540205923742836
181	0.0034703068877918186
182	0.0034470922124104596
183	0.0033937934132051237
184	0.0033335216063325483
185	0.003357867367828839
186	0.0033022913822818977
187	0.003248811073810275
188	0.003197773790282302
189	0.003235360454228233
190	0.00318466974098064
191	0.0031960109363427364
192	0.0031646856414061166
193	0.0031861165392857833
194	0.003138062093086238
195	0.003098933229898065
196	0.003083497763399468
197	0.0030873413258682672
198	0.003052612784606034
199	0.003023269603646831
200	0.00298978621584207
201	0.0029563606353787413
202	0.002928383176241545
203	0.0029436974324593417
204	0.0029310114137692284
205	0.0029061401159547386
206	0.0029075640980641758
207	0.0028807758875728754
208	0.0028564023949479433
209	0.0028357446614031777
210	0.002823953326963601
211	0.0028229914753470048
212	0.002830671450653597
213	0.002829129181010248
214	0.0028325899122886937
215	0.0028136251222390762
216	0.002802403866811927
217	0.0027855491565743308
218	0.0027935516154771376
219	0.002778625683520185
220	0.002795861393523099
221	0.002780073954718551
222	0.002775107420272085
223	0.0027606243167816132
224	0.002748454245507098
225	0.002739922008024559
226	0.0027390206126751177
227	0.002735580599721099
228	0.0027382000198964093
229	0.0027335907006153285
230	0.002730256360332336
231	0.0027327892480201697
232	0.0027235972937292513
233	0.0027225871154064186
234	0.002722621684644602
235	0.002714227585362551
236	0.002714743445308853
237	0.002706630356688771
238	0.0027014191361677516
239	0.002701419483976957
240	0.002699199975085733
241	0.002695931047565366
242	0.0026957444862163974
243	0.002688664845705007
244	0.002688728182126712
245	0.0026889298386761438
246	0.0026829480506458496
247	0.002682443978856115
248	0.0026795432435179982
249	0.002683074699660451
250	0.00268272155165037
251	0.0026762388562911106
252	0.002676242520549549
253	0.0026756648772200396
254	0.0026722125096938177
255	0.0026744454246393997
256	0.0026619748214483266
257	0.00266523666370261
258	0.0026577969946151784
259	0.002658805396631637
260	0.002660936918622121
261	0.0026592317379517897
262	0.0026615524174800204
263	0.0026477061720381837
264	0.0026515299663033495
265	0.002644538293905975
266	0.002644914329734338
267	0.0026436533283594327
268	0.002646661655664369
269	0.0026514568495259604
270	0.002654339960656723
271	0.002642392698981343
272	0.0026356104872521944
273	0.0026201439469693303
274	0.0026201646336537062
275	0.0026250258987289676
276	0.002610325478742141
277	0.0026087259894478393
278	0.002608219295441813
279	0.002613438612559914
280	0.0026095437498941682
281	0.0026073955242293676
282	0.0025995706168603335
283	0.0026036200110671048
284	0.002607979588124834
285	0.002609286863356986
286	0.002608305143109642
287	0.0025936117508360015
288	0.0025981219876910497
289	0.002594164416368907
290	0.0025977117561746107
291	0.002597274600883685
292	0.0026035582043156136
293	0.0026089799110110942
294	0.0026175198597319736
295	0.002620829811789249
296	0.002618006756284045
297	0.0026182835597583676
298	0.00262122647656643
299	0.002625393531831644
300	0.002634940955759064
301	0.002646192735326376
302	0.0026065670149375956
303	0.002608569178131282
304	0.0025880170506304063
305	0.0025884565387758697
306	0.002594873700759215
307	0.0026039483590747895
308	0.0026004717817915426
309	0.0025958382207566404
310	0.0026061010601427254
311	0.002610644365485736
312	0.0026131957444894558
313	0.002621404198758605
314	0.0026329897269604103
315	0.0025897004644476586
316	0.002593370177966471
317	0.002606754568177064
318	0.0026153607759987563
319	0.0026277955381223484
320	0.0026416657610958657
321	0.002652071916017692
322	0.0026687161323071455
323	0.0026523085025258954
324	0.0026686607244284506
325	0.0026735532304167507
326	0.0026873280287867136
327	0.002613276689846907
328	0.002629122724935527
329	0.0026068953443550897
330	0.0025781845058686524
331	0.002588079043976395
332	0.0025753061300191975
333	0.002565726502655962
334	0.002535123684820451
335	0.002545196840651024
336	0.002558479828127429
337	0.002530078797298502
338	0.0025104410116473463
339	0.0024905379875161705
340	0.0024858321381941192
341	0.0024781801828885545
342	0.002466415943354532
343	0.0024721999571800453
344	0.002479998628776788
345	0.00248895663004605
346	0.002457435356101342
347	0.0024636606871792028
348	0.0024635370274856665
349	0.002471166627396097
350	0.002473136318150284
351	0.002482690407997937
352	0.002478034166220085
353	0.0024817023225338717
354	0.0024678566958455995
355	0.002441264068803216
356	0.0024398987796455385
357	0.0024425104250502486
358	0.002447597130774785
359	0.00245574999581335
360	0.0024578397258592866
361	0.0024673506316896143
362	0.0024749102543439394
363	0.0024656553788144934
364	0.0024576159578032224
365	0.0024529509286162
366	0.0024623276628647594
367	0.0024645636573092243
368	0.0024398767271191545
369	0.0024482699714956303
370	0.0024358721527463064
371	0.0024112288038716776
372	0.002416355152787527
373	0.0024075495879438587
374	0.002408036288831851
375	0.0024140586141939207
376	0.0024210747278429995
377	0.0024249816853272135
378	0.0024323807048022487
379	0.0024035694568741196
380	0.002405665873197917
381	0.0023909694795790338
382	0.0023955107364185047
383	0.0023991167501260266
384	0.002403963163279402
385	0.002412999127809738
386	0.0024231412732943934
387	0.0024077663113257555
388	0.002416150899253633
389	0.0024261127381697747
390	0.0024379158610468915
391	0.0024463900945498242
392	0.00243801058498142
393	0.0024508089978462445
394	0.002459222887763504
395	0.0024636453635881314
396	0.002473423987646878
397	0.0024642577271631995
398	0.002440853587380879
399	0.0024518812288297567
400	0.0023992845910118677
