1.0	0.2648152041972586
1.15	0.30226024078943575
1.3	0.3463787693240586
1.45	0.39533708529112827
1.6	0.4478871999858976
1.75	0.5031499610013318
1.9	0.5604899955307833
2.05	0.6194393075545516
2.2	0.6796482488181265
2.3499999999999996	0.7408527142885779
2.5	0.8028513684790999
2.65	0.8654892894527187
2.8	0.9286458884028043
2.95	0.9922258688728759
3.1	1.0561525216339887
3.25	1.120362899978774
3.4	1.1848044868362622
3.55	1.2494329704733302
3.6999999999999997	1.3142107717311757
3.85	1.379106033426669
4.0	1.4440918703241394
