1.0	0.7011783399525638
1.15	0.7705024086735491
1.3	0.8413791351933912
1.45	0.9135747524241736
1.6	0.9868748398945238
1.75	1.0610892365086473
1.9	1.1360542036601406
2.05	1.2116324289274558
2.2	1.2877113653745433
2.3499999999999996	1.3642003671290597
2.5	1.4410271048037222
2.65	1.5181337565864712
2.8	1.5954734148646756
2.95	1.67300702904385
3.1	1.7507010629163438
3.25	1.828525906661848
3.4	1.9064549624115217
3.55	1.984464236962372
3.6999999999999997	2.0625322440241454
3.85	2.1406400403305033
4.0	2.218771273340178
