2.4999999999997096
3.673615936074134
3.8282259623975055
3.889542632478783
3.922588815335396
3.9431173958323846
3.9569466951245778
3.9667561088322603
3.973962709284621
3.979391120627683
3.9835559663689484
3.9867959313565735
3.9893433331079384
3.991362846145775
3.9929743142389005
3.9942668355391566
3.9953078110096834
3.9961489576800004
3.9968304235231176
3.99738367574902
3.9978335735059383
3.998199884244814
3.9984984118272355
3.9987418480757526
3.9989404236874306
3.9991024111879367
3.9992345171735257
3.999342190638712
3.9994298669774198
3.9995011621834715
3.999559028163843
3.999605877460639
3.9996436837541984
3.999674063087447
3.999698339672389
3.999717599317479
3.999732732882162
3.9997444716741017
3.9997534163208504
3.9997600603455297
3.9997648094368436
3.9997679972132225
3.999769898128652
3.9997707380454868
3.9997707029011815
3.999769945816384
3.999768592927567
3.9997667481752335
3.9997644972363484
3.999761910755219
3.999759046998957
