1	1
2	2
3	1
4	2
5	2
6	1
7	1
8	2
9	1
10	1
11	1
12	2
13	1
14	2
15	1
16	1
17	2
18	2
19	2
20	2
21	1
22	2
23	2
24	1
25	2
26	2
27	2
28	1
29	2
30	2
31	2
32	2
33	2
34	2
35	1
36	2
37	2
38	2
39	2
40	2
41	2
42	2
43	2
44	2
45	2
46	2
47	2
48	2
49	2
50	1
51	2
52	2
53	2
54	2
55	2
56	2
57	2
58	2
59	2
60	2
61	2
62	2
63	2
64	2
65	2
66	2
67	2
68	2
69	2
70	2
71	2
72	2
73	3
74	3
75	3
76	3
77	3
78	3
79	3
80	0
81	0
82	3
83	0
84	3
85	3
86	3
87	3
88	3
89	3
90	3
91	3
92	3
93	3
94	3
95	3
96	3
97	3
98	3
99	3
100	3
101	3
102	3
103	3
104	3
105	3
106	3
107	3
108	0
109	3
110	3
111	3
112	3
113	3
114	3
115	0
116	3
117	3
118	3
119	3
120	3
121	3
122	3
123	3
124	0
125	3
126	0
127	3
128	3
129	3
130	3
131	3
132	0
133	0
134	3
135	3
136	0
137	3
138	3
139	0
140	0
141	3
142	3
143	3
144	0
145	0
146	3
147	3
148	0
149	3
150	0
151	0
152	3
153	0
154	3
155	3
156	3
157	0
158	3
159	3
160	3
161	3
162	0
163	3
164	3
165	3
166	3
167	2
168	3
169	0
170	3
171	3
172	3
173	0
174	3
175	3
176	3
177	3
178	0
179	3
180	3
181	0
182	3
183	3
184	3
185	3
186	3
187	3
188	3
189	3
190	0
191	3
192	3
193	3
194	3
195	3
196	3
197	3
198	0
199	3
200	0
201	3
202	0
203	3
204	3
205	0
206	0
207	0
208	0
209	3
210	3
211	3
212	3
213	0
214	0
215	3
216	0
217	3
218	3
219	3
220	3
221	3
222	3
223	3
224	3
225	3
226	3
227	3
228	3
229	3
230	3
231	3
232	0
233	3
234	0
235	3
236	0
237	3
238	3
239	0
240	3
241	0
242	3
243	0
244	3
245	0
246	3
247	3
248	3
249	0
250	0
251	0
252	0
253	0
254	3
255	0
256	3
257	0
258	3
259	3
260	3
261	3
262	0
263	0
264	3
265	3
266	0
267	3
268	3
269	0
270	0
271	3
272	3
273	0
274	3
275	3
276	3
277	3
278	0
279	3
280	3
281	0
282	0
283	0
284	0
285	3
286	0
287	0
288	0
289	3
290	3
291	3
292	0
293	0
294	0
295	0
296	0
297	3
298	3
299	3
300	3
301	0
302	3
303	0
304	0
305	0
306	0
307	3
308	3
309	0
310	0
311	0
312	0
313	3
314	0
315	3
316	0
317	0
318	0
319	3
320	0
321	0
322	0
323	0
324	0
325	0
326	0
327	0
328	3
329	0
330	0
331	0
332	3
333	0
334	0
335	0
336	0
337	0
338	3
339	0
340	3
341	0
342	3
343	3
344	3
345	0
346	0
347	0
348	0
349	3
350	3
351	0
352	0
353	3
354	0
355	0
356	0
357	3
358	3
359	3
360	0
361	3
362	0
363	3
364	0
365	0
366	3
367	0
368	0
369	0
370	3
371	0
372	0
373	3
374	0
375	0
376	0
377	0
378	0
379	0
380	3
381	0
382	3
383	3
384	0
385	3
386	0
387	3
388	3
389	0
390	3
391	0
392	0
393	0
394	0
395	0
396	0
397	0
398	0
399	0
400	0
401	0
402	0
403	0
404	0
405	3
406	0
407	0
408	0
409	3
410	0
411	0
412	3
413	3
414	0
415	3
416	3
417	3
418	0
419	0
420	0
421	0
422	3
423	0
424	0
425	0
426	3
427	0
428	0
429	0
430	0
431	0
432	0
433	0
434	0
435	0
436	0
437	0
438	0
439	3
440	0
441	0
442	3
443	0
444	0
445	0
446	0
447	0
448	0
449	0
450	0
451	3
452	0
453	0
454	0
455	3
456	0
457	0
458	0
459	3
460	0
461	0
462	0
463	0
464	0
465	0
466	3
467	0
468	0
469	0
470	3
471	0
472	0
473	0
474	0
475	0
476	3
477	0
478	0
479	0
480	0
481	0
482	0
483	0
484	0
485	0
486	0
487	0
488	0
489	3
490	0
491	0
492	0
493	3
494	0
495	0
496	3
497	3
498	3
499	3
500	0
501	3
502	0
503	0
504	0
505	3
506	0
507	0
508	0
509	0
510	3
511	3
512	0
513	0
514	0
515	0
516	3
517	0
518	3
519	0
520	0
521	0
522	3
523	3
524	3
525	0
526	0
527	3
528	0
529	0
530	3
531	0
532	0
533	0
534	0
535	0
536	0
537	0
538	0
539	0
540	0
541	3
542	0
543	0
544	0
545	0
546	3
547	0
548	0
549	0
550	0
551	3
552	3
553	0
554	0
555	0
556	0
557	3
558	0
559	0
560	0
561	3
562	3
563	3
564	0
565	0
566	0
567	0
568	0
569	0
570	3
571	0
572	0
573	0
574	0
575	0
576	0
577	3
578	0
579	0
580	3
581	0
582	0
583	0
584	0
585	0
586	0
587	3
588	3
589	3
590	0
591	0
592	1
593	0
594	3
595	3
596	0
597	3
598	0
599	0
600	0
601	3
602	0
603	0
604	3
605	0
606	0
607	0
608	3
609	0
610	0
611	0
612	0
613	3
614	0
615	0
616	0
617	0
618	0
619	3
620	0
621	0
622	1
623	0
624	3
625	0
626	0
627	0
628	0
629	0
630	0
631	0
632	3
633	0
634	3
635	0
636	0
637	0
638	0
639	0
640	0
641	3
642	3
643	3
644	0
645	0
646	0
647	1
648	3
649	0
650	0
651	3
652	3
653	0
654	0
655	3
656	3
657	3
658	0
659	3
660	0
661	0
662	0
663	0
664	0
665	0
666	3
667	0
668	0
669	3
670	0
671	0
672	3
673	0
674	0
675	3
676	3
677	0
678	0
679	0
680	0
681	0
682	0
683	0
684	0
685	0
686	0
687	0
688	0
689	0
690	0
691	0
692	0
693	0
694	0
695	0
696	0
697	3
698	0
699	0
700	0
701	0
702	0
703	0
704	3
705	0
706	0
707	0
708	3
709	0
710	0
711	0
712	3
713	0
714	3
715	0
716	0
717	0
718	0
719	0
720	0
721	0
722	0
723	3
724	1
725	0
726	0
727	3
728	0
729	0
730	0
731	3
732	0
733	0
734	0
735	0
736	0
737	0
738	0
739	3
740	0
741	3
742	0
743	3
744	0
745	3
746	0
747	0
748	0
749	3
750	3
751	0
752	0
753	0
754	0
755	3
756	3
757	0
758	0
759	0
760	0
761	3
762	0
763	0
764	0
765	0
766	0
767	0
768	3
769	0
770	0
771	0
772	0
773	0
774	0
775	0
776	1
777	0
778	3
779	3
780	0
781	0
782	0
783	0
784	3
785	0
786	1
787	0
788	3
789	3
790	1
791	3
792	3
793	0
794	0
795	1
796	0
797	0
798	0
799	0
800	0
801	3
802	0
803	0
804	1
805	0
806	3
807	3
808	0
809	3
810	0
811	0
812	3
813	0
814	0
815	0
816	0
817	3
818	0
819	0
820	0
821	0
822	0
823	3
824	1
825	0
826	0
827	0
828	0
829	3
830	0
831	0
832	0
833	0
834	0
835	0
836	0
837	3
838	1
839	0
840	0
841	0
842	3
843	0
844	0
845	3
846	0
847	0
848	3
849	3
850	0
851	0
852	0
853	0
854	0
855	0
856	0
857	0
858	0
859	0
860	0
861	1
862	3
863	0
864	0
865	3
866	0
867	0
868	0
869	1
870	0
871	0
872	0
873	0
874	3
875	3
876	0
877	1
878	0
879	3
880	0
881	0
882	0
883	0
884	0
885	0
886	0
887	0
888	3
889	0
890	0
891	0
892	3
893	0
894	0
895	0
896	0
897	0
898	0
899	0
900	0
901	0
902	0
903	3
904	0
905	0
906	3
907	0
908	0
909	0
910	0
911	0
912	3
913	0
914	0
915	0
916	0
917	0
918	3
919	0
920	1
921	0
922	3
923	0
924	0
925	0
926	3
927	0
928	0
929	0
930	0
931	0
932	0
933	3
934	0
935	3
936	3
937	0
938	0
939	0
940	0
941	3
942	0
943	3
944	0
945	0
946	0
947	0
948	0
949	0
950	0
951	0
952	3
953	0
954	3
955	0
956	0
957	0
958	0
959	1
960	0
961	0
962	0
963	3
964	0
965	0
966	0
967	0
968	3
969	0
970	3
971	0
972	3
973	0
974	0
975	0
976	0
977	0
978	0
979	0
980	3
981	0
982	0
983	3
984	0
985	0
986	0
987	0
988	0
989	0
990	0
991	1
992	0
993	0
994	0
995	0
996	0
997	0
998	0
999	0
1000	0
