0	1.0
1	0.9899838633777743
11	0.9049893459533048
21	0.8195602645098432
31	0.7411769466354634
41	0.6584767293798236
51	0.6085565456047607
61	0.5579086566134734
71	0.47908360464898486
81	0.42038842760911527
91	0.36512702087596227
101	0.29865277675764945
111	0.25529788689560257
121	0.2328248606561752
131	0.19470586248057334
141	0.1432566827211074
151	0.08577610251270756
161	0.06156254715322139
171	0.04335079145829324
181	0.036057644833356696
191	0.035955455958676635
201	0.03235289948243336
211	0.03215595663928424
221	0.02943265188300595
231	0.028795827691715348
241	0.028333627935142984
251	0.026792873751959666
261	0.02618193866464751
271	0.026305223789655854
281	0.027493693089659266
291	0.02951136504332718
301	0.028480615782622207
311	0.026737187095041155
321	0.02682267940506776
331	0.024778131395011505
341	0.023958569891344737
351	0.023049514252550047
361	0.022909808004036816
371	0.02268259461571653
381	0.02236870059385933
391	0.022305356645472837
