0	10.00758970014525
1	10.211989153452663
2	10.001935940756148
3	10.021157213083711
4	10.021165594167982
5	10.0304795364241
6	10.049756609449059
7	10.027183148334498
8	9.885044318359117
9	9.998618693708874
10	10.013666463701156
11	9.836428286946965
12	10.819652738897059
13	11.278672460617525
14	9.806364301048855
15	10.164913053158688
16	10.008508000088892
17	10.030245455020506
18	10.041515700019978
19	9.964372171351812
20	10.022504720932126
21	9.996317911413968
22	9.733816634808203
23	9.631184001026352
24	9.086966464051152
25	10.105435248300978
26	10.149073288556956
27	10.150154863805874
28	10.001007127433006
29	9.971348448527753
30	8.461893623205476
31	10.022711451478141
32	9.987327554441308
33	9.974216171781283
34	9.98181521088414
35	10.12411789375033
36	10.101896880510655
37	10.050926517475514
38	9.979767918609319
39	10.000143349432769
