0	10.002639278338101
1	10.072693968151682
2	10.000896017395391
3	10.007325363147181
4	10.007265176636295
5	10.010720352065618
6	10.017203574068425
7	10.009366276018774
8	9.961147355162616
9	9.999564934165086
10	10.00467868516374
11	9.937213287504179
12	10.31341769799198
13	10.478088662686282
14	9.923809318224777
15	10.056394616430921
16	10.003146245030727
17	10.010358636015617
18	10.01444280030416
19	9.9873984692087
20	10.006803925120202
21	9.998563746759217
22	9.90981076016272
23	9.877305546356787
24	9.706797559187343
25	10.036412522317342
26	10.051276965476355
27	10.051562665102978
28	10.000381863761945
29	9.990609643091943
30	9.470564327328503
31	10.007464514228062
32	9.995770606949108
33	9.992357111985086
34	9.993653990070008
35	10.041993449155342
36	10.03227893419222
37	10.017051830556447
38	9.982631031484992
39	10.000250294888815
