0	10.003902155498281
1	10.108284799826386
2	10.001204199627125
3	10.0108608267686
4	10.010774963805638
5	10.01578442399941
6	10.025474733570174
7	10.013896738014108
8	9.941787289646555
9	9.999313491586772
10	10.006925889858511
11	9.909408305942993
12	10.451539524544131
13	10.693786212551117
14	9.891646044413385
15	10.084075067631417
16	10.004556782939868
17	10.01538281450797
18	10.021368951062417
19	9.981355852863185
20	10.010433978607338
21	9.997943734338701
22	9.865011480187693
23	9.81515169266233
24	9.555361826797384
25	10.054112824821928
26	10.076294181399206
27	10.07667179975046
28	10.000530045421776
29	9.985761831860831
30	9.214987947848687
31	10.011162783728924
32	9.993673310934916
33	9.987754874723578
34	9.99063524707088
35	10.0625360258808
36	10.049553162137173
37	10.025425083340469
38	9.98149060306174
39	10.000242105825166
