0	10.006345588450696
1	10.177865243525144
2	10.001653806894542
3	10.017725068647056
4	10.01765297473133
5	10.025564984018178
6	10.041568771846912
7	10.02272140763493
8	9.903655542933922
9	9.998813522224417
10	10.01135065796598
11	9.859675238671919
12	10.700848670832865
13	11.088959963924552
14	9.83474126021843
15	10.138306529132493
16	10.007159933995915
17	10.025236715069266
18	10.034836821039885
19	9.969874531588143
20	10.01819691535676
21	9.996843368362143
22	9.776911942155344
23	9.691463854296192
24	9.245712928321428
25	10.08851969645196
26	10.125078657674305
27	10.12575355997102
28	10.000811712682847
29	9.976039351555102
30	8.716471308626286
31	10.018669513226488
32	9.989481780986011
33	9.978032854943244
34	9.984798724056212
35	10.103144773124786
36	10.084426030326323
37	10.042142786729649
38	9.984513916773565
39	10.000062612909968
