0	10.00128248568565
1	10.036436898469105
2	10.000362819675637
3	10.00360636697394
4	10.003521424333464
5	10.005194479228088
6	10.008370336824548
7	10.004587306012382
8	9.980299026456798
9	9.999727553212203
10	10.002223951725
11	9.968473019209547
12	10.155664101885833
13	10.237439544937601
14	9.964071048953684
15	10.028277645886199
16	10.001486247894533
17	10.005046330803005
18	10.007099775582553
19	9.993586554896119
20	10.003139457808388
21	9.999297192205816
22	9.954372251021795
23	9.93730968413086
24	9.853801734963632
25	10.0181964250201
26	10.025626856289485
27	10.025554125874905
28	10.000132208482384
29	9.995137386915367
30	9.742817939078598
31	10.003509941677748
32	9.99794047026569
33	9.995184578573948
34	9.99693453538896
35	10.020323228505426
36	10.016828882269948
37	10.008139327849932
38	9.99901043590178
39	9.999979105248293
