1.0
0.7517939430821919
0.6085386786903003
0.5081226700534389
0.4317654534077129
0.3710173360128139
0.3213020267583262
0.27984322221720725
0.24481894800310153
0.21496127907885695
0.18934626463659926
0.167274956219248
0.1482019798922862
0.1316906340052032
0.11738359368815465
0.10498320209684289
0.094237859302761
0.08493240046864997
0.07688114470653935
0.06992276308651069
0.06391640599280961
0.05873871179050263
0.0542814399905543
0.05044955165312119
0.047159615980977086
0.04433845863420771
0.0419219929889197
0.03985419419757704
0.03808618829553681
0.03657543732536525
0.03528500701445349
0.03418290736348388
0.033241499005958054
0.032436959581856745
0.03174880533550083
0.03115946364542972
0.030653892505879923
0.03021924315124189
0.029844562146655575
0.02952052938333448
0.02923922858551192
0.028993947028145776
0.028779001401490745
0.028589586921013828
0.02842164700295093
0.028271761042135635
0.02813704805415026
0.028015084137527582
0.027903831981096135
0.027801580768687613
0.027706895058622664
0.0276185713457802
0.027535601337345325
0.027457140788109492
0.02738248321238593
0.027311037728595087
0.027242310353891477
0.02717588824454062
0.027111426534838702
0.02704863718049109
0.026987279652924835
0.02692715313694774
0.02686808997856204
0.026809950216279167
0.026752616985134932
0.02669599268462299
0.0266399957893321
0.02658455816906478
0.02652962285394088
0.026475142173385632
0.02642107620127151
0.026367391466860776
0.026314059866210358
0.02626105776655331
0.026208365254336747
0.026155965532522266
0.026103844361024937
0.02605198965698375
0.026000391122771506
0.025949039943811522
0.02589792855501974
0.02584705041338932
0.02579639984037244
0.025745971872097307
0.025695762142183998
0.025645766782649026
0.025595982339653957
0.025546405714607773
0.025497034091444205
0.0254478648996408
0.025398895776304255
0.025350124533896505
0.02530154912197457
0.02525316761067293
0.0252049781911206
0.025156979126593343
0.025109168762053644
0.025061545501774952
0.0250141078110928
0.02496685420186349
0.024919783225594634
