1.0
0.9955077542505887
0.9909847417765957
0.9864298671092983
0.9818420023085336
0.9772199848074415
0.9725626151319566
0.9678686544834251
0.9631368221722366
0.9583657928886071
0.9535541937963204
0.9487006014327597
0.9438035383713256
0.9388614698137704
0.9338727995244194
0.9288358660368286
0.9237489381434074
0.9186102102222752
0.9134177971751389
0.9081697289666995
0.9028639447287832
0.8974982865906453
0.8920704919496041
0.8865781872212466
0.8810188788803158
0.8753899448671701
0.8696886248735363
0.8639120099630032
0.8580570311284238
0.852120446320948
0.8460988274256664
0.8399885447262886
0.8337857504357425
0.827486360397757
0.8210860326431788
0.8145801439378487
0.807963767022354
0.8012316434375691
0.794378153130136
0.7873972806174246
0.7802825772351931
0.7730271189297125
0.7656234589615278
0.7580635747872582
0.7503388082576364
0.7424397981270239
0.7343564036885951
0.7260776181391133
0.7175914700204021
0.7088849107748431
0.6999437207069412
0.690752224114698
0.6812933231016083
0.6715481664172492
0.6614959550893501
0.6511136774730961
0.6403758001420807
0.6292539044170197
0.6177162612956425
0.6057273268434699
0.5932471457232782
0.5802306404080954
0.5666267631676848
0.5523774800503428
0.537416556183835
0.5216680924073844
0.5050447532202262
0.4874456435013612
0.46875377150193126
0.44883305297035436
0.4275248553725781
0.4046441917859505
0.37997593557700104
0.3532719777891093
0.3242515115679903
0.2926092818255384
0.2580424961248033
0.22031976613754084
0.17944231230221339
0.1359994905618945
0.09188893456686126
0.051474094123848506
0.022056419395835598
0.009095520795760592
0.006990978675787243
0.006925624763526783
0.006918440400911591
0.006911229791881052
0.006904018252966247
0.006896813964524714
0.006889617211908379
0.006882427996377662
0.006875246309347044
0.006868072141904563
0.006860905485140957
0.006853746330161
0.006846594668083844
0.0068394504900430855
0.0068323137871863625
0.006825184550675963
0.006818062771688083
